





-0.005062656777  -0.0005277336201  -0.0001825782045  7.715937973e-05  -9.151926198e-05  5.396376484e-05
-0.005078967748  -0.0005277764011  -0.0001729171325  8.00976494e-05  -0.00014735832  2.817363185e-05
-0.005065019167  -0.0005306316404  -0.0001874414516  7.915813851e-05  -0.0001282308838  2.777079792e-05
-0.005075459839  -0.0005258773683  -0.0001816818792  8.109247132e-05  -0.0001463344869  1.318405286e-06
-0.005050373304  -0.0005346010846  -0.0001628042702  0.000111162844  -6.842294917e-05  -2.437543314e-05
-0.005036328606  -0.0005597189736  -0.0001744581144  4.909885797e-05  -5.422856932e-05  1.339306657e-05
-0.005068139974  -0.0005330521792  -0.0001803207017  9.507921773e-05  -0.0001084890552  2.844453195e-05
-0.005045892727  -0.0005666763952  -0.0001341831778  0.0001028755728  -8.74885278e-05  -3.855233945e-05
-0.005047444452  -0.000549091124  -0.0002148031818  4.280252095e-05  -0.0001121770122  5.348437043e-05
-0.005074465625  -0.0005442384042  -0.0002302291847  8.736142491e-06  -0.0001159473287  0.0001052223741
-0.005046410242  -0.0005509614104  -0.0001335953812  9.492870283e-05  -8.82444607e-05  -5.139095102e-05
-0.005035846277  -0.00053694705  -0.0001743307473  9.492638337e-05  -8.804333274e-05  -2.49352074e-05
-0.005072397895  -0.0005361597435  -0.0001709012607  9.057433036e-05  -0.000184468406  1.448455777e-05
-0.005042138491  -0.0005767293961  -0.0001691395453  8.014156065e-05  -3.500717225e-05  6.733307342e-05
-0.005063247512  -0.0005350054844  -0.0001635789673  7.453970727e-05  -0.0001640340246  -6.549604778e-05
-0.005057446895  -0.000539924547  -0.0001861667139  8.119068522e-05  -0.0001655580132  1.102447757e-06
-0.005030559709  -0.000565038246  -0.0001803905263  5.186293534e-05  -0.0001304643512  3.965632127e-05
-0.005054883703  -0.0005381251213  -0.0001523477641  8.299502783e-05  -0.0001840640465  -2.609487453e-05
-0.005029812402  -0.0005117364053  -0.000134601194  8.39053759e-05  -0.0001831773007  -5.200970982e-05
-0.005017465349  -0.000533637629  -0.0001295649711  8.916495303e-05  -0.000145035487  -3.875045317e-05
-0.0050060442  -0.0005520019828  -0.0001464338884  9.582712369e-05  -0.0001454973184  1.071264416e-06
-0.004978416945  -0.0005550124485  -0.0001142269129  0.0001371529657  -0.0001230666832  -3.700331549e-05
-0.005008804051  -0.000532549026  -0.0001241988374  0.0001247169736  -0.0001998500235  -1.108357404e-05
-0.00497163516  -0.0005443492595  -9.164766237e-05  0.0001640261131  -0.0001398993154  -4.980762428e-05
-0.004951326154  -0.0005627116101  -8.956093347e-05  0.0001356303931  -0.00010389308  -6.308314234e-05
-0.004930368419  -0.0005754894395  -7.586845583e-05  0.0001373705873  -0.0001219537216  -9.128832484e-05
-0.004920993302  -0.0005637753331  -5.149237483e-05  0.000170773184  -0.0001003561887  -0.0001163628675
-0.004868175766  -0.0005982944748  -2.654631901e-05  0.0001913495352  -2.207080653e-05  -0.000181271265
-0.004908020182  -0.0005490108499  -4.711416596e-05  0.0001528309755  -0.0001022311269  -8.918100557e-05
-0.00488914327  -0.0005662325872  1.476952072e-05  0.0001804507934  -0.0001175970706  -0.0001819292254
-0.00485270211  -0.0005758151325  9.095874727e-06  0.0001940729829  -7.938913075e-05  -0.0001552118463
-0.004847288884  -0.0005892607922  1.319238041e-05  0.0001913831221  -4.208561589e-05  -0.0001548031396
-0.004849972221  -0.0005816659482  2.759150702e-05  0.0001665462216  -2.412602664e-05  -0.0001952773187
-0.004844158623  -0.0005799036915  4.787742382e-06  0.0002033430122  -0.0001166301712  -0.0001412046931
-0.004801773088  -0.0006078208162  -1.669984788e-06  0.0001754185293  -9.901254702e-05  -0.0001551019198
-0.004778412813  -0.0005990643893  2.38457373e-05  0.0002019753055  -9.622320382e-05  -0.0001947494737
-0.004772670332  -0.000593704648  5.119947495e-05  0.0002208933516  -0.0001126501655  -0.0002471842742
-0.004763885592  -0.0005952445284  2.211622922e-05  0.0002185033876  -0.0001145457507  -0.0001670407598
-0.004760872268  -0.0005743507745  7.784001773e-05  0.0002653139206  -0.0001471535982  -0.0002586654768
-0.004702101411  -0.0006216419344  6.638603976e-05  0.0002404045716  -3.561195395e-05  -0.0002594148241
-0.004690065898  -0.0006289149957  8.719345181e-05  0.0002507556738  -5.21832034e-05  -0.0003255083578
-0.004678813647  -0.0006295109419  6.002381756e-05  0.000229381216  -1.840275246e-05  -0.0002200318897
-0.004676029442  -0.0006233684401  5.782949619e-05  0.0002468980841  -3.590640139e-05  -0.0002187449348
-0.004699048727  -0.0005631981773  0.0001214164273  0.0002964977277  -6.766995255e-05  -0.0003367670955
-0.004647720544  -0.0005972913341  7.533339004e-05  0.0002642702018  5.270580137e-06  -0.000297457078
-0.004629553142  -0.0006327785228  7.2846161e-05  0.0002276278272  2.075762834e-05  -0.0002727764928
-0.004628662328  -0.0006267860908  1.478941256e-06  0.0001686899365  -4.23356642e-05  -0.0001550658138
-0.004613912561  -0.0006435819754  7.365914278e-05  0.0002371427339  -3.654331653e-05  -0.0002330272387
-0.00459770994  -0.0006486050034  2.748364981e-05  0.0001549934571  3.133928556e-05  -0.0001422476178
-0.004583107772  -0.0006456363408  -4.513855757e-06  0.0001535356955  3.049004583e-05  -8.906211262e-05
-0.004571109236  -0.0006482576432  -4.464966244e-07  0.0001602035079  -8.050842373e-05  -0.0001429000085
-0.004527887556  -0.0006718074465  1.144797312e-05  0.0001803675763  -3.482116491e-06  -0.0001552888888
-0.004519426304  -0.0006623438294  3.435277302e-05  0.0001742192424  -4.143988945e-05  -0.0001687755725
-0.004556216272  -0.0006244563542  2.160895184e-05  0.0002055946444  -0.0001335221628  -0.0001543204719
-0.004511817976  -0.000634891995  -2.506906177e-05  0.0001559535259  -2.403877863e-05  -0.0001157520065
-0.004489387199  -0.0006626239149  4.436922264e-05  0.0002071583017  -1.949929691e-05  -0.0001944213138
-0.004491754349  -0.0006320504122  -3.811541805e-05  0.0001234784714  -6.350100975e-05  -0.000116451957
-0.004450965252  -0.000642903175  -1.502455349e-05  0.0001566240936  -2.146359181e-05  -0.0001955700421
-0.004449453254  -0.00063389702  1.367024302e-05  0.0002056979348  -4.181962883e-07  -0.0001670470448
-0.004448881992  -0.0006352882904  -4.427078712e-05  0.0001536635122  -4.483165562e-06  -0.000115375653
-0.004406464013  -0.0006588061564  -1.760489686e-05  0.0001925849725  5.551115198e-05  -0.0001540969869
-0.004373642976  -0.0006610088323  -9.643488278e-06  0.0001818544643  9.298619501e-05  -0.000167538753
-0.004370171786  -0.000659147204  -1.848433125e-05  0.0001825083705  9.397064435e-05  -0.0001938780379
-0.004382576112  -0.0006465283729  -4.015160978e-05  0.0001687096716  -3.564984571e-06  -0.000114602373
-0.004357660376  -0.0006590050594  -6.530505911e-05  0.0001269866714  -2.431832945e-05  -0.0001296001184
-0.0043450647  -0.0006581335874  -4.749388891e-05  0.0001666258377  1.54869522e-05  -0.0001145644404
-0.004350137612  -0.0006436781205  -4.596546815e-05  0.0001399128751  -0.0001180270565  -0.0001160287288
-0.004324133372  -0.0006543795898  -8.431853386e-05  6.688399236e-05  -6.804211988e-05  -3.847948251e-05
-0.004297518129  -0.0006720848271  -0.0001097521368  8.008748558e-05  -4.923623686e-05  1.565624846e-05
-0.004303756032  -0.0006448701874  -8.843108979e-05  9.160400977e-05  -6.637357208e-05  -2.401225323e-05
-0.004245754065  -0.0006829794681  -5.662529039e-05  0.0001624123109  1.459028221e-05  -6.158410784e-05
-0.004278825267  -0.0006331974729  -2.938202159e-05  0.0001515555153  -4.228617008e-05  -8.876917208e-05
-0.004243093545  -0.0006903040469  -0.0001344166191  1.897679256e-05  -3.349686217e-05  2.031984328e-07
-0.004211226774  -0.000687406054  -7.688108073e-05  0.0001030687045  1.147572454e-05  -7.694842819e-05
-0.004234414787  -0.00061727689  -3.835208903e-05  0.0001519746761  -6.0402237e-05  -8.833760883e-05
-0.004223745663  -0.0006446760475  -6.992137958e-05  9.955820439e-05  -6.432344325e-05  -6.359609047e-05
-0.004202659469  -0.0006435935285  -5.947446621e-05  0.0001259589529  -4.10738353e-05  -0.0001557059152
-0.004162035437  -0.0006700207269  -1.096981173e-05  0.0001457184136  3.520422017e-05  -0.0001677529469
-0.004188986071  -0.0006220438019  -5.640424568e-05  0.0001348791496  -7.899816051e-05  -0.0001143232152
-0.00414975923  -0.0006509972723  -5.595929979e-05  0.0001282850699  1.402069627e-05  -8.847694117e-05
-0.004119254937  -0.0006719571402  -8.354752172e-05  0.0001093547461  3.157606625e-05  -8.914412615e-05
-0.004091590967  -0.0006942867846  -6.199548772e-05  0.0001371094582  0.0001272669671  -8.790712051e-05
-0.004103468883  -0.0006637105689  -7.71638184e-05  0.0001436293897  -4.428454143e-06  -6.084870005e-05
-0.004108573204  -0.0006568764792  -5.135592733e-05  0.0001533522152  1.654972595e-05  -0.0001271806048
-0.004070997298  -0.0006848827513  -7.638967585e-05  0.0001053687277  4.882813801e-05  -3.565578761e-05
-0.004074206751  -0.0006472744093  -6.255193565e-05  0.0001621553145  -2.108952146e-05  -8.690219166e-05
-0.004060831049  -0.0006739191716  -7.536058878e-05  0.0001127788755  -6.172596888e-05  -0.0001152919659
-0.004079433561  -0.0006483833151  -9.147005092e-05  0.0001054559942  -0.0001217826465  3.799715765e-06
-0.004045244685  -0.0006538877698  -8.973188943e-05  8.385707698e-05  -2.815760295e-05  -2.300156604e-05
-0.00405018615  -0.0006388900578  -0.0001043951089  8.714972984e-05  -8.413236909e-05  -2.288710945e-05
-0.004019944144  -0.0006646681971  -0.0001407456201  2.327585642e-05  -3.240219537e-05  1.453615594e-05
-0.0040244063  -0.000648310472  -6.780798949e-05  8.877487239e-05  -0.0001017437764  -7.660807981e-05
-0.004034447595  -0.0006183345256  -8.441306646e-05  8.42432759e-05  -0.0001781819726  -3.684072645e-05
-0.004048041695  -0.0005943875711  -0.00011526612  6.831106379e-05  -0.0002178124252  1.678752674e-05
-0.003988872494  -0.000656934525  -0.0001275646961  5.095016317e-05  -0.0001061136948  2.924687089e-05
-0.003968635069  -0.0006576728024  -0.0001069046369  5.027976883e-05  -6.724325451e-05  -2.411653277e-05
-0.003955476081  -0.0006553977719  -8.401881856e-05  8.452884034e-05  -8.395770828e-05  -2.285857463e-05
-0.003940187314  -0.0006410670692  -9.366875877e-05  9.312650096e-05  -6.303312408e-05  -6.178673479e-05
-0.003920448099  -0.0006559977573  -5.881237245e-05  0.0001259500189  -2.218164342e-05  -0.0001146627546
-0.003907265794  -0.0006566611853  -8.335980514e-05  0.0001072058581  -2.441775069e-05  -6.177480661e-05
-0.003877871199  -0.0006617033219  -0.0001099181398  8.841558046e-05  -6.222984573e-06  -6.166199797e-05
-0.003832933377  -0.0007029234432  -6.042448267e-05  0.000115221663  0.0001085776597  -8.777377236e-05
-0.00384151511  -0.0006745348447  -7.810730001e-05  0.0001214933911  1.603681298e-05  -0.0001139622528
-0.003822904718  -0.0006533789754  -7.335608104e-05  0.0001220810712  1.631923427e-05  -0.0001140520486
-0.003836200089  -0.0006557735092  -8.221605252e-05  7.910705557e-05  3.180142212e-05  -0.0001024486497
-0.003816475702  -0.0006628324318  -8.781314966e-05  0.000104783363  -4.195602053e-06  -8.785260467e-05
-0.003815219449  -0.0006446169218  -6.783771845e-05  0.0001134647163  1.538108e-05  -0.0001009723993
-0.003807292119  -0.0006257254222  -0.0001000338018  0.0001413498646  -5.826632878e-05  -5.958390681e-05
-0.003784013878  -0.0006575556578  -9.325368633e-05  0.0001140698223  -4.102526071e-05  -7.422583067e-05
-0.00373923954  -0.000683838374  -0.000111386992  5.70348725e-05  2.988364515e-05  -2.31358682e-05
-0.00375878836  -0.0006457006332  -0.0001149567031  3.849648639e-05  -0.0001046116908  1.630502077e-05
-0.00376237339  -0.000644754962  -0.0001154309988  7.309499226e-05  -0.0001211320154  1.755983447e-05
-0.003715340423  -0.0006707446932  -8.793515868e-05  4.550438268e-05  -8.456022308e-05  -2.396833426e-05
-0.003709749292  -0.0006736704415  -0.000109107205  6.649608744e-05  -4.765659525e-05  6.992871514e-05
-0.003707113104  -0.0006591858047  -0.0001075377314  5.130258598e-05  -4.657372872e-05  1.650125887e-05
-0.003693722199  -0.0006668719159  -0.0001283472765  9.741353234e-06  -6.803798158e-05  2.133909521e-06
-0.003672974461  -0.0006528111614  -0.0001109734452  6.8157237e-05  -6.438423338e-05  1.794093765e-05
-0.003656390482  -0.0006753721637  -0.0001036329334  4.076339651e-05  -2.842184869e-05  2.965249948e-06
-0.003613595764  -0.0006788795474  -0.0001089991536  4.684005713e-05  -9.010786955e-06  1.665455965e-05
-0.00361555434  -0.0006634247842  -0.0001092461902  6.47926569e-05  -6.930199198e-06  -8.907496702e-06
-0.00362779038  -0.0006439818341  -0.0001455870965  7.768589258e-06  -4.903075544e-05  2.880880476e-05
-0.003609033549  -0.0006422674644  -0.0001366707961  1.396323974e-05  -1.060622169e-05  1.660573521e-05
-0.003586897133  -0.0006160426328  -8.041758162e-05  8.281493996e-05  1.457913061e-05  -6.02462682e-05
-0.003590465959  -0.0006318760548  -9.710667786e-05  7.387431068e-05  -2.527391074e-05  5.796165149e-06
-0.003558928557  -0.0006375004787  -0.0001094107008  6.411723738e-05  1.325692377e-05  -3.458329746e-05
-0.003524926631  -0.0006715568881  -0.00013231969  2.531068441e-05  4.716981546e-05  1.731770597e-05
-0.003528294509  -0.0006360892205  -9.538028814e-05  8.928845367e-05  1.541935e-05  -4.732011041e-05
-0.003516410392  -0.0006590825466  -9.009772657e-05  6.339662733e-05  -5.727506041e-06  -3.491110464e-05
-0.003495935614  -0.000650955055  -9.259430801e-05  8.539235881e-05  -9.660563272e-05  -8.682604838e-05
-0.003488813794  -0.0006729756628  -0.0001329020494  6.474133642e-05  -8.20931579e-05  1.78295639e-05
-0.003508501303  -0.0006227800584  -0.0001003239672  7.928139999e-05  -0.0001556476135  -2.066422663e-05
-0.003455710475  -0.0006570217793  -6.236173656e-05  8.90238978e-05  -4.125708089e-05  -4.664295061e-05
-0.003453943379  -0.0006521833796  -0.0001073347186  7.481281105e-05  -9.910327092e-05  -2.127239089e-05
-0.003475394374  -0.0006421818328  -0.0001097194393  4.231606543e-05  -0.0001209883275  3.991708028e-06
-0.003447837119  -0.0006118358615  -8.514233979e-05  7.659126273e-05  -9.830824012e-05  -4.703528466e-05
-0.003389943128  -0.0006726958291  -0.0001095608635  5.918800004e-05  -6.04996726e-06  -7.644659441e-06
-0.003392416409  -0.0006529143439  -4.391231166e-05  0.00011491066  -5.817924514e-05  -5.965046618e-05
-0.003399265874  -0.0006460949866  -8.862855703e-05  4.740676595e-05  -8.237644902e-05  -8.635534761e-06
-0.003388423864  -0.0006335977013  -9.07855784e-05  5.378649593e-05  -4.445571117e-05  5.2543303e-06
-0.003358806377  -0.0006402276913  -0.0001066342505  3.313006543e-05  1.103021883e-05  5.409429726e-06
-0.003365035077  -0.0006266094072  -9.776962755e-05  5.168557051e-05  -6.596360531e-06  5.610858206e-06
-0.003331600551  -0.0006419219741  -1.516281769e-05  0.0001292082502  9.182138756e-07  -0.0001115032049
-0.003360385033  -0.0005873816218  -6.11454553e-05  6.795974393e-05  -9.728848509e-05  -8.639125811e-05
-0.00333560938  -0.0006060074012  -7.547253322e-05  8.827690935e-05  -5.976645246e-05  -1.873634289e-05
-0.003273460054  -0.0006340540192  -7.618037467e-05  9.372565094e-05  1.884201513e-05  -0.0001121902833
-0.003314353512  -0.0006153303076  -7.104631505e-05  0.0001046143921  -5.857171187e-05  -1.8747824e-05
-0.003302895345  -0.0006093765623  -0.0001103252224  4.461806543e-05  -4.344569225e-05  -7.419293407e-06
-0.003271421363  -0.0006314609486  -7.168814427e-05  6.519606699e-05  5.268507887e-05  -4.675818611e-05
-0.003243634295  -0.0006674944244  -0.0001012771713  3.44523937e-05  6.71811028e-05  4.560612844e-05
-0.003250097964  -0.0006044173057  -6.812386962e-05  8.535376522e-05  -1.406978788e-06  -7.169151051e-05
-0.003224985912  -0.0006327158979  -9.832103077e-05  3.674831953e-05  6.918751381e-05  -7.201963726e-06
-0.003220994886  -0.0006439654016  -7.477048321e-05  2.86848465e-05  3.013705687e-05  6.361601609e-06
-0.003217698663  -0.0006148836926  -7.256307763e-05  7.85219938e-05  -7.794040471e-05  -3.263824396e-05
-0.003185932462  -0.0006514729336  -0.0001017226012  3.968213595e-05  -4.395365145e-05  1.921585457e-05
-0.003199042846  -0.0006128748137  -5.718297751e-05  7.626915512e-05  -0.0001703957164  -9.985765198e-05
-0.003152383615  -0.0006320226124  -9.519984454e-05  6.513653763e-05  -2.193669082e-05  -1.951287099e-05
-0.003181319511  -0.0006208064017  -8.217837224e-05  7.182104537e-05  -0.0001543079132  6.660503073e-06
-0.003157768484  -0.0006127101064  -4.445734574e-05  0.0001058437869  -0.000132058233  -4.531818678e-05
-0.003151056552  -0.0006112505382  -6.542556229e-05  6.370891005e-05  -0.0001341792901  -5.965366688e-05
-0.003131831011  -0.0005999902228  -3.812491145e-05  0.0001149330102  -0.0001497742357  -5.746266301e-05
-0.003107136599  -0.000627721355  -5.541458601e-05  0.0001086921678  -5.643858322e-05  -3.159579865e-05
-0.003088339715  -0.000630358939  -9.25437393e-06  0.0001275733868  -5.286217742e-05  -0.0001369133317
-0.003092037693  -0.0005921035763  -3.785708633e-05  0.0001389957563  -0.0001089545178  -9.628591613e-05
-0.003080765997  -0.0005823157729  -5.742797816e-05  0.0001300468668  -8.987206662e-05  -0.0001095880625
-0.003071965438  -0.0005879455256  -5.095228708e-05  0.0001377872187  -8.978325203e-05  -9.602917619e-05
-0.003078231632  -0.0005797773507  -2.033515892e-05  0.0001440325783  -0.0001634818173  -0.0001762801972
-0.003027015245  -0.0005928754048  -1.592063213e-05  0.0001513418209  -3.184226605e-05  -0.0001216887352
-0.003020144351  -0.0005901036657  -3.604501094e-05  0.0001168039073  -1.498720923e-05  -0.0001228223136
-0.003016143321  -0.0006015372245  -3.893214589e-05  0.0001031672027  -9.173460897e-05  -0.0001239646592
-0.003005551369  -0.0006060861114  -3.037795537e-05  0.0001187162864  -7.19367218e-05  -0.0001232349223
-0.003021036507  -0.000567550984  -6.288512227e-05  0.0001117701309  -9.161751018e-05  -8.325667557e-05
-0.002965970087  -0.0005961003548  -5.553587288e-05  0.0001041987363  1.317313129e-06  -5.619644964e-05
-0.00295543216  -0.0006066952191  -4.384332008e-05  7.569424879e-05  5.578954936e-05  -4.454754828e-05
-0.002922398669  -0.000626537807  -7.923973855e-05  3.458860115e-05  1.590917339e-05  -5.960647082e-05
-0.002926138794  -0.0005903622207  -4.223794181e-05  0.0001051251726  3.024635323e-06  -0.0001094592393
-0.002910666388  -0.0006068521698  -6.947138993e-05  8.285380058e-05  5.621226909e-05  -3.064089077e-05
-0.002934189097  -0.0005973603731  -0.0001151968232  2.493296175e-05  -5.451875589e-06  3.474722759e-05
-0.00288338682  -0.0005937710966  -4.758975015e-05  0.0001112067396  2.234342168e-05  -9.575941261e-05
-0.002879283395  -0.0006078223633  -4.183824828e-05  5.995126539e-05  -1.673360789e-06  -4.504675895e-05
-0.002918532358  -0.0005731915609  -7.288923757e-05  7.805376013e-05  -0.0001690208941  -5.689688704e-05
-0.00287999398  -0.0005794545036  -6.934059557e-05  7.794021653e-05  -0.0001888757117  -3.154154192e-05
-0.002867489432  -0.0005839137306  -5.940830137e-05  9.405696996e-05  -0.000168306744  -5.735257936e-05
-0.002855780506  -0.000572693473  8.560883474e-06  0.0001474518946  -0.000162680412  -0.0001616989298
-0.002838375429  -0.0005693348584  -2.327531014e-05  0.0001431658848  -0.0001067027468  -0.0001083220906
-0.002825881488  -0.0005955978243  -5.266371374e-05  9.889355814e-05  -9.087721501e-05  -9.700926969e-05
-0.002795310797  -0.0005910518349  -4.880585256e-05  0.0001125800989  -7.28389111e-05  -4.267743943e-05
-0.002826683568  -0.0005707976222  -0.0001041123601  5.809895064e-05  -0.000171760391  2.135657679e-05
-0.002795505338  -0.0006035841042  -5.454245175e-05  3.761234092e-05  -7.692363738e-05  -8.562840133e-05
-0.002766869889  -0.0006012070573  -2.7208035e-05  8.654507403e-05  -5.493958636e-05  -8.341836177e-05
-0.002743555956  -0.0005737798991  -5.147109871e-05  9.686353262e-05  -7.18155464e-05  -9.624327431e-05
-0.002739837003  -0.0006036106884  -3.721562081e-05  8.2776268e-05  -1.865088364e-05  -3.023738093e-05
-0.00276267006  -0.0005706214448  -5.320738035e-05  8.723125772e-05  -9.400863006e-05  -3.52176296e-06
-0.00273109985  -0.000559601619  -5.499603798e-06  0.0001231539799  -6.950368287e-05  -0.0001348141321
-0.002707542301  -0.0005805178276  2.991692179e-06  0.0001515590434  -1.265876379e-05  -8.062310535e-05
-0.00270676425  -0.0005640739748  -3.417904709e-05  8.506647461e-05  -5.560219046e-05  -2.954330313e-05
-0.002689421343  -0.0005826245492  -7.59827189e-06  0.0001075455151  3.046890051e-06  -6.842082382e-05
-0.002690527329  -0.0005488060759  2.175306021e-06  0.0001051433014  -7.1197097e-05  -0.0001086796917
-0.002657057856  -0.0006032635197  -3.07406006e-05  7.504134603e-05  -3.562912981e-05  -9.658585055e-05
-0.002636038415  -0.0005927287363  -1.959177535e-05  9.76899618e-05  2.532284927e-06  -5.595159772e-05
-0.002639725265  -0.0005792093629  -2.391849825e-05  9.819279383e-05  2.706994614e-06  -5.571708716e-05
-0.002618260287  -0.000587189933  -3.08236019e-05  8.861567137e-05  -1.763191022e-05  -1.597086244e-05
-0.002637702895  -0.0005409162295  -4.738527462e-06  0.0001138481733  -8.848222542e-05  -0.0001212659053
-0.002610146247  -0.0005900785718  -8.722672781e-05  -6.40487856e-06  1.407622101e-05  -5.575796657e-06
-0.002596334997  -0.0005713891549  -6.114064511e-05  2.929268548e-05  -1.720224e-06  -3.105420379e-05
-0.002539470767  -0.0006126901663  -7.755085532e-05  2.149873955e-05  7.209734153e-05  2.22207748e-05
-0.002541461168  -0.0005816080601  -3.402023076e-05  5.840038474e-05  7.630254245e-05  -5.592974516e-05
-0.002536813833  -0.0005637549074  4.693681052e-06  0.0001183146434  -8.862235661e-05  -8.122168243e-05
-0.002562708625  -0.0005226120263  -3.773891554e-05  8.149603266e-05  -0.0001660654853  -6.915522061e-05
-0.002473400555  -0.0005467054312  -6.470155564e-05  3.959801921e-05  -9.47386021e-05  9.127864981e-06
-0.002446940734  -0.0005334274708  -1.540315994e-05  0.0001013471279  -0.0001073361188  -8.106593332e-05
-0.002360331233  -0.0005267935509  -1.319223362e-05  0.0001056196188  -4.890123303e-05  -9.333051945e-05
-0.00235795546  -0.0004880196205  -3.484103186e-05  7.773264113e-05  -0.0001447769223  -9.422816369e-05
-0.002291100445  -0.0005160347807  7.124072159e-06  0.0001067808461  -0.0001054193395  -9.259113268e-05
-0.002196771524  -0.0005209830569  -6.509268315e-05  7.79272402e-05  -6.742168549e-05  -0.0001061989596
-0.00219572012  -0.0004795633926  -1.2375249e-05  8.365483729e-05  -0.0001617368543  -0.0001059454027
-0.002131078418  -0.0004714463513  -4.704209414e-05  0.0001211342689  -0.0001025364245  -6.433194564e-05
-0.002041703491  -0.0004837629338  -9.261343013e-05  4.636607009e-05  -3.244721332e-05  -1.30622832e-05
-0.002010770665  -0.0004752130684  -9.161545405e-05  6.657672846e-05  -0.0001254322244  1.408216482e-05
-0.001922950143  -0.0004705420461  -9.319690139e-05  7.038407409e-05  -2.913731851e-05  -2.552639226e-05
-0.001870105587  -0.0004595761006  -5.256817205e-05  0.0001317308644  -6.149779257e-05  -8.923572193e-05
-0.001790920206  -0.0004587157694  -3.661235418e-05  0.0001619124222  -1.795142001e-06  -0.0001143250764
-0.001717362407  -0.0004189889558  -2.704184466e-05  0.0001170601566  -7.708967605e-05  -0.0001956321702
-0.001667338199  -0.0004122409745  -4.045927152e-05  0.0001301823421  -3.932303795e-05  -0.0001674621123
-0.001596610428  -0.0004169466373  -7.936463579e-05  6.485856118e-05  -2.829552827e-05  -2.333363081e-05
-0.001561965699  -0.000410347234  -5.091675703e-05  0.0001224655615  -0.000115626654  -0.0001284050907
-0.001516415368  -0.0003995893364  -0.000113137595  4.003064331e-05  -4.700965401e-05  -3.745269885e-05
-0.001408567603  -0.0004016534297  -4.861296643e-05  0.0001064442175  -2.095556755e-05  -0.0001403524897
-0.001381423626  -0.000367831586  -8.605282663e-05  7.470847165e-05  -7.992006485e-05  -8.813557835e-05
-0.001273537403  -0.0003719746743  -6.678870686e-05  9.807170752e-05  -5.697197986e-05  -0.0001530002221
-0.001234454073  -0.0003813627637  -0.0001117055989  1.678884238e-05  -4.606356625e-05  -3.575513819e-05
-0.001180231841  -0.0003665656583  -0.0001055765001  1.688291311e-05  -8.532628018e-05  1.702109264e-05
-0.001046958226  -0.0003779259698  -9.234451937e-05  5.324042995e-05  -4.774442454e-06  -4.638221504e-05
-0.0009798061479  -0.0003531622155  -0.0001013726171  4.8058279e-06  -8.401343397e-05  4.506773763e-06
-0.0009184490788  -0.0003538404809  -8.05549866e-05  1.869901108e-05  -4.524956831e-05  4.90808692e-06
-0.0008221587927  -0.0003346885968  -6.383381867e-05  2.657560464e-05  -4.291774529e-05  -3.373126652e-05
-0.0007780765814  -0.0003168132284  -8.426545792e-05  2.634957601e-05  -6.159952641e-05  -6.821142628e-06
-0.0006970875011  -0.0002961786766  -5.779779891e-05  4.207445004e-05  -4.056429718e-05  -3.24555972e-05
-0.0006387797568  -0.0002974330074  -5.215906256e-05  4.065009256e-05  -5.98264834e-05  -5.260589104e-06
-0.0005858696611  -0.0002902785897  -6.052095643e-05  4.004171402e-05  -5.909374369e-05  -5.411709249e-06
-0.0005024134531  -0.0002552633755  -1.856842897e-05  3.158448671e-05  -3.880245033e-05  -7.117738925e-05
-0.0004624722525  -0.0002418299635  -7.690282205e-06  3.691561331e-05  -2.116318166e-05  -2.965687186e-05
-0.0003500814334  -0.0002199985667  -7.752678876e-06  5.541951703e-05  -5.487104378e-05  -8.16374943e-05
-0.0003012531145  -0.0002028093095  4.482085606e-05  5.708499172e-05  -7.258660051e-05  -0.0001343416141
-0.0002245103389  -0.0001770473579  9.147567037e-06  4.774091726e-05  -0.0001306717912  -4.087147392e-05
-0.000181784017  -0.000164786837  3.540372623e-05  5.855051711e-05  -0.0001475973063  -8.147393225e-05
-7.872341221e-05  -0.0001540099561  8.514261615e-06  1.75742606e-05  -9.543620396e-05  -1.649780029e-06
-5.433827548e-05  -8.991124601e-05  6.658673428e-05  9.88036103e-05  -0.0001050070165  -0.0001171185182
5.484138803e-06  -9.521390687e-05  7.437767768e-06  5.973571861e-05  -5.185761219e-05  -6.507675798e-05
6.004778389e-05  -8.61817939e-05  4.670899518e-05  7.911292734e-05  -8.681455554e-05  -0.0001176377429
6.54733819e-05  -0.0001152903155  2.128395728e-05  4.867713181e-05  -5.277774125e-05  -5.184142544e-05
7.885460486e-05  -0.0001339661259  -2.431689006e-05  -3.485728528e-05  -6.131126442e-06  0.0001170767415
7.318529562e-05  -0.0001082619298  3.675249628e-05  1.196662271e-05  -1.934234418e-05  -1.104926957e-07
8.335750445e-05  -9.408447448e-05  2.767423958e-05  5.305354983e-05  -0.0001079545507  -7.904043746e-05
8.560955604e-05  -9.022661219e-05  1.892385335e-05  6.653351039e-05  -5.111585709e-05  -5.155453749e-05
7.245831579e-05  -9.060549303e-05  1.543141995e-05  -1.151772094e-06  -7.617301174e-05  -1.079498302e-06
6.220908031e-05  -8.571654504e-05  2.073092047e-05  2.662801136e-05  -9.147008904e-05  -6.577823769e-05
6.471132316e-05  -7.88705693e-05  2.157594179e-05  2.864393852e-05  -0.0001296086641  -4.025253946e-05
6.200846953e-05  -6.922825404e-05  1.151428499e-05  -3.20269583e-05  -0.0001159040454  -2.29751515e-06
8.56482105e-05  -9.292251078e-05  2.678403288e-05  2.844779409e-05  1.022959836e-06  5.760609129e-07
6.120928251e-05  -9.81020212e-05  8.948380777e-06  -3.101996472e-05  -6.281956294e-05  0.0001178599886
8.999501979e-05  -0.0001242201746  -2.983204623e-05  -5.2451729e-05  1.172219054e-05  0.0001167131233
5.453792917e-05  -7.7631854e-05  1.869258166e-05  -8.791606415e-06  -7.656709102e-05  -1.408744206e-05
5.851751129e-05  -6.605694389e-05  -1.352229955e-05  -3.336589108e-05  -0.0001365924223  7.765496005e-05
5.433471363e-05  -7.275179803e-05  -1.878953785e-07  -1.746962759e-05  -9.743809421e-05  5.132392447e-05
5.221009257e-05  -8.198127052e-05  7.215386978e-06  -3.096367888e-05  -3.542254231e-06  3.892506716e-05
1.191591268e-05  -4.657779867e-05  1.991571405e-05  -4.084896587e-06  -0.0001719686888  3.946272516e-05
4.698392245e-05  -8.289185421e-05  -1.073474236e-05  -4.38626131e-06  -2.123136726e-05  5.218166265e-05
2.096685768e-05  -2.33013541e-05  4.992202025e-05  1.84317037e-05  -7.487277115e-05  9.499418246e-07
2.802761459e-05  -5.334975938e-05  2.12818551e-05  2.095159648e-05  1.935935039e-05  1.451359667e-05
4.526585089e-06  -2.798610892e-05  -1.041233313e-05  -4.471502485e-06  3.585441828e-05  5.315579062e-05
2.460851857e-05  -3.080116919e-05  -2.1110949e-05  -5.721381199e-05  7.016684116e-05  5.111222841e-05
1.802836352e-05  -3.441089676e-05  -1.611140776e-05  -2.107898047e-05  3.561648783e-05  2.591600259e-05
-1.377328558e-05  -9.459277016e-06  -1.013511425e-05  -2.022352767e-05  -4.38937949e-06  0.0001059751386
-1.235823074e-05  -2.554118838e-05  1.657274294e-05  -1.203782792e-05  -4.033304148e-06  9.272774212e-05
9.790938918e-06  -2.504208871e-05  -1.712942237e-05  3.978600928e-06  5.655002621e-05  1.388344407e-05
1.402508027e-05  -4.203095734e-05  -4.454391739e-06  -1.311134214e-05  5.577657279e-05  -1.312507625e-05
-1.274065924e-05  4.202945607e-06  2.901006901e-05  5.04802547e-05  2.31590305e-05  -4.985617329e-05
-4.990329419e-05  -9.82815208e-07  -1.961319158e-05  -3.218277344e-05  -6.027985777e-05  5.274194599e-05
-2.682613831e-05  -2.443925391e-05  -4.333872408e-05  -1.163748524e-05  -3.043176368e-06  9.289572521e-05
-1.371673636e-05  -1.137731235e-05  -1.741048639e-06  2.157997539e-05  3.781856149e-05  4.16324804e-05
-1.787383451e-05  7.547520786e-08  8.10750504e-06  2.86047836e-05  -5.36739893e-05  -3.788378605e-05
-3.042213329e-05  4.60950386e-06  -3.133364285e-06  9.944588818e-06  -3.750792294e-05  1.441566621e-05
-3.37149634e-05  8.57956601e-07  -1.132890034e-05  8.240375724e-07  -3.843200629e-05  2.776034534e-05
-1.653680109e-05  -3.292992037e-06  -1.206349831e-05  5.650270327e-07  8.137535888e-07  -2.611317925e-05
-1.881615196e-05  -3.998884845e-05  -1.375508332e-05  -4.931052435e-06  5.51309949e-05  2.689278412e-05
-5.630012142e-05  1.037975432e-05  -5.579328575e-05  -5.661521473e-05  -8.120305263e-05  9.110517591e-05
-6.574897836e-05  1.833379593e-05  -1.858662407e-05  2.98778748e-06  -5.712233771e-05  2.790625719e-05
-3.509987968e-05  -2.74826397e-06  -3.85242448e-06  -1.601191369e-05  -3.977478242e-05  2.701436017e-05
-5.208957472e-05  -1.496043014e-06  6.277021749e-06  1.986867688e-05  -5.566420732e-05  1.251902145e-06
-4.268813555e-05  8.310452682e-06  1.364142588e-05  1.905569003e-05  -3.689134603e-05  1.494413968e-06
-3.75208926e-05  -5.355175453e-06  -3.875238662e-05  -2.692057368e-05  -3.409697273e-06  6.597398803e-05
-4.177151767e-05  -8.290233177e-06  -3.117899052e-05  -3.420323282e-05  -4.211610697e-05  7.915589271e-05
-4.066187473e-05  -2.735219211e-06  -3.676763954e-05  -2.56412971e-06  -2.873941433e-06  0.0001068664915
-2.534077665e-05  3.241874163e-06  1.123586448e-05  1.095197689e-05  -1.663935406e-05  -6.494932879e-05
-4.91543352e-05  9.658665789e-07  -1.687565908e-05  -1.629229293e-05  -4.039334498e-05  5.348079519e-05
1.944473986e-05  -4.166871272e-05  -1.670294239e-05  -3.322221086e-05  0.0001299093553  -1.398509579e-05
-1.745812539e-05  -4.122357723e-06  -1.541748526e-05  -1.061383112e-05  3.659820995e-05  1.342595197e-05
-5.338001717e-06  -2.497531065e-05  2.245344851e-05  1.79900001e-05  -1.672558609e-05  -5.238608843e-05
-1.609447615e-05  -1.704360622e-05  -2.638120282e-05  -2.237999201e-05  5.285190047e-05  7.965553626e-05
-2.470585009e-05  -1.051641529e-05  1.298419849e-05  8.252713158e-06  3.877263957e-07  -1.217539029e-05
-1.736927153e-05  2.916505543e-06  2.55135824e-05  4.297751415e-05  -1.608051095e-05  -1.05746393e-05
-1.436838958e-05  -1.231086622e-05  1.179777379e-05  3.28127639e-05  1.82435946e-06  2.157173097e-06
1.919342648e-05  -3.295793782e-05  1.266275325e-05  1.971982892e-05  7.666799107e-05  -1.150549162e-05
-2.247363767e-05  -7.009254595e-06  6.387664063e-06  4.834303922e-07  -1.916900152e-05  7.382662633e-07
-2.003568057e-05  -4.238474238e-06  2.697958183e-05  1.831814931e-05  -1.750915036e-05  -2.554953101e-05
-9.237910852e-06  -4.390884452e-06  1.394807115e-05  4.09573281e-05  2.084254588e-06  1.584070384e-05
-2.090336692e-05  -4.490230319e-06  2.825344187e-05  2.167188447e-05  -7.300364368e-05  -5.228619746e-05
-6.6482687e-06  -3.851467507e-06  1.970752082e-05  2.912591257e-05  -7.258740223e-05  -3.800677065e-05
1.099596196e-05  -4.243054967e-05  -1.96493555e-05  -2.990233998e-05  3.458105429e-05  3.863946176e-05
7.034001361e-06  -9.703262527e-06  2.596518696e-05  2.537789677e-05  2.379890276e-06  -3.835568303e-05
-2.423076824e-05  1.150067929e-05  1.648188981e-07  1.288807875e-05  -7.413273021e-05  -1.24960073e-05
6.338187673e-06  -2.919369083e-05  4.530028096e-05  5.007759628e-05  2.352291619e-05  -7.734652904e-05
-1.333783397e-05  -1.726032593e-05  -2.240389505e-05  -4.395283729e-05  -4.018753545e-06  3.860443499e-05
4.447184829e-05  -5.926874284e-05  2.995690203e-05  1.904789907e-05  7.70843393e-05  -3.833693743e-05
1.758230654e-05  -3.5873876e-05  7.880774344e-06  -4.913336084e-06  5.582643412e-05  6.218278141e-07
-5.630837767e-06  2.399204863e-06  4.520171953e-05  5.537485437e-05  -9.033842964e-05  -2.423464678e-05
1.396079993e-06  -1.10533439e-05  7.32144007e-06  2.501906314e-05  -1.76546068e-05  1.456269411e-05
1.693901235e-05  -2.985879191e-05  4.93695063e-05  4.341928636e-05  -3.444926735e-05  -3.872926419e-05
-5.763014674e-06  -1.076021244e-05  3.708961204e-05  7.663259427e-05  -0.0001827993041  -4.997625067e-05
1.833419244e-05  -3.932214154e-05  -5.958482055e-06  1.41841611e-05  -0.0001693593268  1.291653399e-05
-2.187517978e-05  -2.835720982e-05  1.515005473e-05  3.612982066e-05  -0.0002430175647  -1.260106031e-05
-1.754703707e-05  -2.730917922e-05  3.913897391e-06  5.270654668e-08  -0.0002083891394  1.269462052e-05
1.34932579e-05  -6.551473029e-05  -2.827447329e-05  -3.070917013e-05  -0.0001546081748  5.106953843e-05
-2.233306236e-05  -3.184927118e-05  2.266226912e-05  1.83763719e-05  -0.0002256035886  -1.328482183e-05
5.895275753e-06  -5.0375824e-05  3.696055183e-05  6.423918341e-05  -0.0001472966958  -1.172695405e-05
-8.455785569e-06  -3.263401036e-05  1.066937423e-05  3.390012706e-05  -0.0002053801916  -1.248942383e-05
-4.753596897e-06  -6.247261287e-05  -3.308003539e-06  1.136991951e-05  -0.0001526464168  6.59444318e-05
1.411935878e-05  -8.777585177e-05  2.800948953e-06  -3.726662635e-05  -0.000172737152  -1.611137333e-05
-1.37865045e-05  -4.296309958e-05  7.002403416e-06  -1.482725279e-05  -0.0002464368933  -1.489580948e-05
-2.999638782e-05  -3.665316311e-05  -2.69109681e-06  1.076146479e-05  -0.000264502497  2.585972502e-05
1.270587983e-05  -8.397796414e-05  -2.317665043e-05  -1.666797422e-05  -0.0001162521026  5.201427459e-05
-1.124191302e-06  -6.152750049e-05  1.543906149e-05  1.356692464e-05  -0.0001701287331  1.289301056e-05
1.411410687e-05  -5.982257337e-05  -5.031807129e-06  3.850959414e-05  -0.0001675298441  1.479985684e-06
5.799890495e-06  -9.294764039e-05  1.319150682e-06  -2.357291034e-05  -0.0001357256117  3.763821739e-05
-4.878837665e-06  -8.559347448e-05  1.176043739e-05  4.893728033e-06  -0.0001704971841  -1.063909178e-06
-9.327833705e-06  -7.1006111e-05  -1.744474811e-05  -3.6760451e-05  -0.000212279274  6.406168347e-05
5.175331732e-06  -5.841736921e-05  -3.106472104e-05  -4.658026207e-05  -0.0001745061784  5.083676983e-05
1.500843606e-05  -6.081527743e-05  -5.678560219e-06  4.507916105e-06  -0.0001705982152  2.591957665e-05
-1.832372272e-06  -6.564902112e-05  -3.040202483e-06  -3.450991109e-05  -0.0002296145179  1.111801248e-05
-1.661779995e-05  -6.18490157e-05  -1.749588254e-06  -1.606317919e-05  -0.0002472568684  1.120316612e-05
1.318084302e-05  -6.684785581e-05  1.047490134e-05  3.2699504e-06  -0.0001326749615  -5.416905756e-07
1.546950973e-05  -7.780509178e-05  3.879659498e-06  1.025794943e-05  -0.0001332341821  3.937827624e-05
-2.394926495e-05  -3.371670427e-05  -2.412258399e-05  5.680943671e-07  -0.0002267739133  1.310911105e-05
-6.721066446e-06  -4.739723336e-05  1.306973706e-05  2.556782123e-05  -0.0002252693786  7.047799734e-08
-1.015937153e-05  -5.525145572e-05  -3.276880672e-06  -1.872966296e-06  -0.0001897108872  1.231776434e-05
-3.411820762e-06  -6.616484955e-05  -7.366301922e-06  -2.073004781e-05  -0.0001728886267  3.798299375e-05
-4.203707934e-06  -4.547925831e-05  2.438149306e-06  2.432870092e-05  -0.0002063312707  7.246628269e-07
-2.306364782e-06  -6.17053942e-05  -2.558583178e-07  -5.762488313e-06  -0.0001538800478  6.581732487e-05
-7.54498148e-06  -4.721145572e-05  2.599207409e-05  4.151254006e-05  -0.0002055927428  8.753185727e-07
-2.358600126e-05  -5.096045939e-05  -1.323776318e-05  -1.710292811e-05  -0.0002290360571  3.801274476e-05
-4.478806368e-06  -4.276916556e-05  2.192894258e-05  4.283421504e-05  -0.0002241665628  4.049787981e-07
9.715804838e-06  -5.330325176e-05  7.30388526e-06  6.210783813e-06  -0.0001692328633  -2.697268987e-05
1.206607536e-05  -6.435689649e-05  3.075084192e-05  2.478042505e-05  -0.0002060338084  -2.708073866e-05
3.058836648e-05  -8.126766493e-05  1.724724052e-05  9.892771485e-06  -0.0001138258932  1.232827772e-05
-2.236389616e-06  -4.306840504e-05  4.852638951e-05  6.625979944e-05  -0.0001654617903  -3.814249478e-05
4.28508949e-05  -6.937722802e-05  4.432003904e-05  4.562948408e-05  -0.000109432101  -6.543378486e-05
3.848971075e-05  -7.225427591e-05  5.098432224e-05  3.582803911e-05  -0.0001114105892  -2.571844716e-05
1.417507357e-05  -3.033402965e-05  5.057756618e-05  4.872320336e-05  -0.0001281079886  -6.546100688e-05
1.150478936e-05  -4.711515603e-05  3.300775543e-05  3.153842837e-05  -0.0001682349334  -1.313749201e-05
1.823900052e-05  -5.806065158e-05  1.928086353e-07  3.616268314e-06  -0.0001519072687  2.601968192e-05
1.571105863e-05  -4.437484503e-05  4.023080432e-05  3.224455619e-05  -0.0001675244245  -3.950963195e-05
-1.267168791e-05  -1.466299328e-05  5.647611186e-05  7.808305834e-05  -0.0002214811091  -2.435834558e-05
2.256319192e-05  -5.319275941e-05  3.914163142e-05  5.640365042e-05  -0.0001466465988  -5.17981495e-05
-4.954807564e-06  -3.142867785e-05  5.543399234e-05  3.986056582e-05  -0.0001489323719  -2.530997122e-05
1.071743883e-05  -5.292140244e-05  2.078635592e-05  2.066740641e-05  -0.0001120146001  -2.655624771e-05
-9.204753328e-06  -3.458270117e-05  7.931949898e-06  1.800894765e-05  -0.0002252666348  -1.323057274e-05
-2.699867132e-05  -8.747592366e-07  5.074292825e-05  6.434324541e-05  -0.0002396998687  -7.782775523e-05
1.849940891e-05  -6.398655216e-05  1.93585805e-05  5.844424772e-06  -0.0001499111255  -5.403424676e-05
5.324461941e-06  -3.856360169e-05  6.092117856e-05  5.884636165e-05  -0.0001649963265  -7.815699167e-05
-1.270607386e-06  -3.027406805e-05  3.074680695e-05  3.99995982e-05  -0.0001288743687  -5.205889863e-05
-1.253923631e-05  -1.221875814e-05  1.653983294e-05  4.811852772e-05  -0.0001878113774  6.856633389e-05
3.895437048e-06  -5.76916186e-05  2.339069696e-05  2.05016655e-05  -0.0001317284938  1.923592955e-07
1.043540748e-06  -4.943775385e-05  1.126994575e-05  -3.295518125e-06  -0.0001320238682  -4.036676263e-05
2.031104231e-05  -7.213457501e-05  1.453314505e-05  3.400136512e-05  -9.370255938e-05  2.735485042e-05
-2.583625099e-05  -3.757767147e-05  2.196910573e-05  2.269050141e-05  -0.0001504839722  3.728986301e-07
-5.791376417e-06  -5.107605158e-05  3.18583597e-05  3.838691278e-05  -0.0001299412634  -2.551703695e-05
1.407824672e-05  -6.966962688e-05  3.127371255e-05  2.571691959e-05  -5.449660213e-05  -3.905654334e-05
-1.40875161e-05  -6.260359308e-05  2.182807107e-05  2.147256353e-05  -0.0001310891071  -2.637100919e-05
-4.186831525e-05  -3.310201663e-05  9.573852808e-06  3.147192173e-05  -0.0001696792419  4.045131581e-05
-1.881159071e-06  -5.496001875e-05  6.170428427e-05  5.377360433e-05  7.85465845e-05  -3.711416173e-05
-2.706909364e-05  -3.27799495e-05  1.178048342e-05  -1.165504017e-05  3.573631648e-05  1.330817872e-05
-1.665165254e-05  -5.899349409e-05  4.772157455e-05  1.697833702e-05  0.0001318766364  -1.204548254e-05
-8.013248801e-05  -4.857186922e-06  1.536066933e-05  -8.778104941e-07  3.661016127e-05  6.967576374e-07
-2.334169874e-05  -6.566325027e-05  1.938680387e-05  -8.703945096e-06  0.0001104716664  2.700475342e-05
-2.724955292e-05  -5.448901797e-05  3.918415006e-05  1.513047724e-06  0.0001120808875  -1.268966799e-05
-5.063339488e-05  -6.144829858e-05  3.122985457e-05  9.841402037e-06  0.0001121820653  6.551720472e-07
-7.277128129e-06  -9.044168149e-05  -9.111706415e-06  -4.944858866e-05  0.0002203459555  5.219586382e-05
-3.30842873e-05  -6.60524911e-05  -1.356692464e-05  -4.47665589e-05  0.0001650007944  2.581339728e-05
-1.95166792e-05  -6.618724037e-05  1.883671878e-05  -1.953264104e-05  0.0001666543241  1.365902991e-05
-3.789884655e-05  -4.858645592e-05  5.742367023e-05  2.315643359e-05  0.0001880805083  1.862652759e-06
-3.778590525e-05  -4.653251857e-05  5.925665738e-06  -1.896056595e-05  0.0001466150981  6.687549792e-05
-3.917544009e-05  -6.37450228e-05  9.651989357e-07  -2.89126482e-05  0.0001447751396  0.0001058771568
-4.343393078e-05  -3.662406637e-05  1.066683228e-05  -5.73337535e-06  9.28791061e-05  9.936113985e-07
-4.363032079e-05  -5.732568699e-05  -2.921563768e-05  -6.145361902e-05  0.000143802406  7.822673023e-05
2.394675009e-05  -7.668627814e-05  5.723151058e-05  4.343600506e-06  0.0002269609166  -7.842307716e-05
-1.502725215e-05  -7.066699933e-06  0.0001026813855  7.10762313e-05  0.0001567946195  -0.0001154748338
8.918778546e-06  -5.149092869e-05  9.872280968e-05  5.918591752e-05  0.0001743698037  -0.0001026848012
-2.503063523e-06  -2.907416719e-05  6.623155135e-05  2.557119013e-05  0.0001712147746  -5.121988003e-05
6.419878224e-06  -4.998339752e-05  7.011145991e-05  3.761165401e-05  0.0002080353243  3.195931566e-06
5.956452506e-06  -1.738290445e-05  9.052831329e-05  5.994431872e-05  0.0001740608521  -7.617645579e-05
-5.047105754e-06  -3.087725326e-05  6.077377325e-05  3.23398892e-05  0.0001901790336  -3.713730316e-05
-2.651857831e-05  1.61565997e-05  5.791478742e-05  5.551828574e-05  0.0001370325375  -8.925821638e-05
-2.003141816e-06  -5.756369455e-06  8.101388697e-05  6.948758379e-05  0.0001557246698  -6.236467285e-05
2.848411247e-05  -5.253752836e-05  0.0001149753114  7.110136721e-05  0.0002886938234  -0.0001286067502
-1.106104208e-05  -1.832340245e-05  9.848584902e-05  5.498151956e-05  0.0001173470079  -8.999553626e-05
-3.415148144e-05  6.499208322e-06  7.854374462e-05  6.285628148e-05  0.0001562017384  -0.0001018356995
-1.587043521e-05  -2.161338559e-05  0.0001021594823  8.640942552e-05  0.000157010176  -8.801631754e-05
-5.398677078e-05  3.002405971e-05  6.139189902e-05  6.93517849e-05  2.380881634e-05  -4.94105426e-05
-2.536668264e-05  3.682595735e-06  0.0001195789894  0.0001085524923  0.0001033820604  -0.0001406750256
-1.123981013e-05  -3.70113523e-05  8.952706342e-05  5.063848149e-05  0.0001727607721  -6.318808969e-05
-4.885765689e-05  9.27970203e-06  7.906006326e-05  7.380874065e-05  0.0001195885985  -0.0001148466656
-6.922196631e-05  -4.116888804e-05  1.954063032e-05  -6.476863103e-06  7.138421702e-05  8.00937924e-05
-3.802486331e-05  -6.867151814e-05  2.168708312e-05  -1.82954069e-05  0.0001476974029  1.347394314e-05
-1.922230592e-05  -8.45660426e-05  4.053298521e-05  1.425939704e-05  0.0001887879623  -3.871332404e-05
-9.223700505e-05  -5.686954338e-05  1.128498533e-05  -4.020608464e-05  8.842736754e-05  5.196798715e-05
-4.457237212e-05  -7.439181532e-05  5.157211102e-05  5.402810792e-05  0.0001174436763  -9.09470943e-05
-4.082208683e-05  -6.790928709e-05  3.465054029e-05  7.719749591e-05  0.0001566936409  -7.632614981e-05
-4.424152663e-05  -7.372649866e-05  3.535523035e-05  8.437020909e-05  0.0001951168879  -8.972343737e-05
-4.555359686e-05  -7.442299884e-05  3.593474741e-05  6.082409985e-05  0.0001366200565  -7.679247246e-05
-4.043301565e-05  -6.843617778e-05  6.117748901e-05  0.000102451569  0.0001778889899  -0.0001150098132
-3.24984065e-05  -9.587653036e-05  7.052561788e-05  7.64098996e-05  0.0001565941464  -0.0001029355871
-4.382008226e-05  -7.044337024e-05  5.708141952e-05  0.0001130076587  0.0001413976449  -0.0001280417394
-5.004311099e-05  -6.276887274e-05  -1.153656679e-06  3.385749732e-05  0.0001531473163  -3.726353196e-05
-6.932826745e-05  -6.723327656e-05  -5.518191055e-07  1.955406774e-05  0.0001143312292  -3.870369418e-05
-5.120599755e-05  -6.318552053e-05  6.861290242e-05  8.782477688e-05  0.0001390564526  -0.00011588967
-4.631289595e-05  -7.508959985e-05  4.684898478e-05  6.710328801e-05  0.000174101678  -6.306056766e-05
-8.590110707e-05  -4.713006265e-05  -8.234985192e-06  8.789495335e-06  7.404669098e-07  -3.90165096e-05
-2.70043538e-05  -9.655599971e-05  1.489607383e-05  2.289796809e-05  0.0002096342578  -7.875025405e-05
-5.335029355e-05  -8.239333558e-05  4.66302746e-05  7.038049222e-05  0.0001185241297  -8.993868832e-05
-7.214413443e-05  -7.252107569e-05  3.127569863e-06  1.135436217e-05  0.0001140041261  -5.248649141e-05
-5.984437631e-05  -7.540376337e-05  4.664275182e-05  3.220670984e-05  5.971449408e-05  -0.0001055031791
-6.121715053e-05  -8.264308582e-05  1.850813197e-05  5.004772439e-05  -1.607409531e-05  -2.509963422e-05
-7.975116421e-05  -7.159234639e-05  5.55075271e-06  3.560271717e-05  -3.500365267e-05  -5.219432667e-05
-2.26066015e-05  -0.0001184287175  6.483081055e-05  4.733683537e-05  4.16411687e-05  -0.0001050606504
-7.440505748e-05  -6.35938652e-05  3.757098248e-05  5.532920534e-05  -7.098036962e-05  -7.853624439e-05
-6.962527667e-05  -5.399406168e-05  2.816085008e-05  6.290352785e-05  -7.128183246e-05  -3.823743962e-05
-8.05761237e-05  -5.310830179e-05  4.239225059e-05  4.914522982e-05  -0.0001087458835  -9.166395683e-05
-6.169028383e-05  -8.337620619e-05  6.059562431e-05  7.026594371e-05  -5.157069288e-05  -7.819867204e-05
-6.827645783e-05  -7.035730142e-05  5.586574344e-05  7.317394599e-05  -0.0001077008945  -7.764222535e-05
-5.782645947e-05  -9.569477118e-05  2.583656563e-05  3.54373494e-05  -7.371516859e-05  -2.630385494e-05
-6.050186663e-05  -6.747978826e-05  3.631962259e-05  3.806970188e-05  -7.205928113e-05  -7.933194185e-05
-7.24389097e-05  -4.060996699e-05  3.916878671e-05  5.617819465e-05  -9.03205431e-05  -5.177897866e-05
-6.268032839e-05  -4.420458005e-05  6.395408769e-05  9.976600148e-05  -0.0001053873022  -8.979909149e-05
-6.948154168e-05  -5.059357804e-05  1.855164905e-05  5.166953059e-05  -5.491156419e-05  2.82693336e-05
-2.653840316e-05  -6.193897565e-05  5.651022871e-05  9.544888357e-05  -2.937136388e-05  -0.0001162514282
-1.875939492e-05  -7.276876672e-05  0.0001107375624  9.597033051e-05  -2.957153147e-05  -0.0001435224335
-3.669359251e-05  -3.506796665e-05  7.471653714e-05  0.0001054909154  -4.808723572e-05  -0.0001022774053
-1.478542364e-05  -4.75884135e-05  0.000116721127  0.0001405098214  -4.407912763e-05  -0.000181135105
-2.893925646e-06  -4.13331179e-05  0.0001356384686  0.000126569974  -6.184588487e-05  -0.0002612630835
-1.43072131e-05  -2.53831981e-05  0.0001160537594  0.0001594703182  -8.023161013e-05  -0.000179557857
-4.543095142e-05  -2.392889632e-05  9.782643777e-05  0.0001324307853  -0.0001955591274  -0.0001819021256
-2.286568074e-05  -3.605922752e-05  0.0001211758861  0.0001413068482  -6.364576344e-05  -0.0001544924287
5.903024063e-07  -4.684148807e-05  0.0001242753287  0.0001672895899  -5.992111938e-05  -0.0002197837976
-2.928235969e-05  -6.936693573e-05  5.897782604e-05  7.295495912e-05  -6.757506517e-05  -0.0001572502539
-4.061846837e-05  -8.114202606e-05  3.194076546e-05  3.630523215e-05  -5.32112493e-05  -7.941795598e-05
-6.059582364e-05  -0.0001000223255  1.756095091e-05  4.572638372e-05  -9.061272593e-05  -6.571263788e-05
-6.331795609e-05  -0.0001166200033  1.296661255e-05  1.7713139e-05  -9.519638685e-05  2.559928504e-05
-6.765224951e-05  -0.0001255569493  -4.795805373e-05  -1.887533663e-05  -5.986472361e-05  5.1237077e-05
-6.799720329e-05  -0.0001238308479  -4.523216559e-05  -2.784197201e-05  -6.162226413e-05  9.016716026e-05
-6.720848814e-05  -0.0001218192685  -1.425476943e-05  -3.235165324e-06  -4.127032098e-05  7.793360378e-05
-7.196564541e-05  -0.0001180139114  -1.933634872e-05  -2.397048929e-05  -7.767346669e-05  -1.581077133e-05
-7.079944252e-05  -0.0001270502951  3.664668953e-06  7.026792912e-06  -5.86548837e-05  3.841648089e-05
-6.337722053e-05  -0.0001236254895  -2.845699381e-05  -3.622650021e-05  -4.254591571e-05  5.011172237e-05
-4.217553516e-05  -0.0001387910423  6.999663251e-06  -2.962315611e-05  -3.915301785e-06  1.050003917e-05
-4.650951926e-05  -0.0001395065576  -3.865702527e-05  -8.363742738e-05  -1.059043555e-05  0.000141371795
-6.479350006e-05  -0.0001096878519  -4.611267113e-07  -6.791002833e-05  -8.280187342e-05  4.920882056e-05
-2.992096759e-05  -0.0001207242313  3.228162936e-05  -4.601234617e-05  -4.439148126e-05  6.347814911e-05
-3.932846678e-05  -9.11425025e-05  7.082938886e-05  -1.637517997e-05  -9.895567505e-05  5.091003904e-05
-3.777378166e-05  -7.453758038e-05  6.087781129e-05  -7.756437687e-05  -8.594405085e-05  0.0001155565466
6.361763296e-06  -7.823868752e-05  0.0001237620584  4.924012049e-05  -1.666666493e-05  -5.166169294e-05
3.602786596e-05  -4.616765045e-05  0.0001374418194  3.028745145e-05  1.913902624e-05  -2.515396008e-05
2.421270093e-05  -6.197942176e-05  0.0001339350405  4.266016581e-05  -1.590199302e-05  -9.245225556e-05
-2.297419614e-05  -3.606091492e-05  5.362436778e-05  -3.194109671e-05  -0.0001187627445  7.821231165e-05
3.507382259e-05  -2.782336355e-05  0.0001038618912  9.371487393e-06  -5.718998389e-05  -1.324728467e-05
1.291855164e-05  3.599216976e-05  0.0001453903222  0.0001115801042  -0.0001022199803  -0.0001812810091
3.057149875e-05  -1.851840114e-05  9.274346752e-05  2.111216674e-05  -7.310171772e-05  -7.947664689e-05
3.538736493e-05  -4.903108748e-06  4.929681205e-05  2.121191693e-05  -0.0001126623514  1.803373472e-07
4.032402309e-05  -1.980574568e-05  9.204310301e-05  2.626064817e-05  -5.570019539e-05  -1.239212615e-05
4.451563635e-05  -1.506678714e-05  0.0001162342436  6.123565527e-05  -5.216297417e-05  -6.389279013e-05
4.072061057e-05  -2.037435966e-05  6.407316071e-05  -3.361934416e-05  -8.002515419e-05  5.189180574e-05
1.621856573e-05  6.691190627e-06  9.045015647e-05  4.634035943e-05  -7.236396274e-05  -3.835203284e-05
3.516923533e-05  -1.502936941e-05  0.0001401344429  6.916384376e-05  6.167304863e-06  -0.000130190901
2.422527829e-05  -2.17385865e-05  9.672598785e-05  8.093486346e-05  -6.799146114e-05  -0.0001167689871
1.961675419e-05  -2.702047252e-05  8.50553887e-05  8.088255775e-05  -6.78615436e-05  -0.0001168395815
2.43351486e-05  -1.928075455e-05  7.156363033e-05  4.292655016e-05  -3.54853553e-05  -1.204361358e-05
1.39224225e-05  -1.390676682e-05  6.640996868e-05  6.576233711e-05  -0.0001068947227  -9.092748158e-05
1.431988691e-05  -3.590744139e-05  2.230353972e-05  4.242838275e-05  -1.457651882e-05  -6.4075607e-05
-1.122475123e-06  -4.742393077e-05  9.966339609e-06  7.930722503e-06  -5.753974546e-05  4.006306559e-05
2.082574563e-06  -4.190147153e-05  5.041651652e-05  4.509293464e-05  -9.175550889e-05  -1.211610453e-05
-5.145267246e-06  -5.911703205e-05  -1.191454065e-05  -5.272160254e-05  -4.30416502e-05  5.113985664e-05
-2.174055038e-05  -1.899055429e-05  4.201524785e-05  2.86089385e-05  -7.398522551e-05  -1.251084546e-05
-1.966954367e-05  -4.699405788e-05  6.003183965e-05  6.181488739e-05  -9.100746861e-05  -1.11559178e-05
-1.105828695e-05  -8.246097038e-05  -4.475295835e-05  -6.356592271e-05  -2.571414321e-05  9.030429768e-05
