0.7545495963  0.7076012364  0.2177089832  -3.128844911  -0.1908680249  -0.05936343639
0.7545659073  0.7076012791  0.2176993221  -3.128847849  -0.1908121858  -0.05933764626
0.7545519587  0.7076041344  0.2177138465  -3.12884691  -0.1908313132  -0.05933724342
0.7545623994  0.7075993801  0.2177080869  -3.128848844  -0.1908132096  -0.05931079103
0.7545373128  0.7076081038  0.2176892093  -3.128878914  -0.1908911212  -0.05928509719
0.7545232681  0.7076332217  0.2177008631  -3.12881685  -0.1909053156  -0.05932286569
0.7545550795  0.7076065549  0.2177067257  -3.128862831  -0.1908510551  -0.05933791716
0.7545328322  0.7076401791  0.2176605882  -3.128870627  -0.1908720556  -0.05927092029
0.754534384  0.7076225939  0.2177412082  -3.128810554  -0.1908473671  -0.059362957
0.7545614051  0.7076177411  0.2177566342  -3.128776488  -0.1908435968  -0.059414695
0.7545333498  0.7076244641  0.2176600004  -3.12886268  -0.1908712997  -0.05925808167
0.7545227858  0.7076104498  0.2177007358  -3.128862678  -0.1908715008  -0.05928453742
0.7545593374  0.7076096625  0.2176973063  -3.128858326  -0.1907750757  -0.05932395718
0.754529078  0.7076502321  0.2176955446  -3.128847893  -0.190924537  -0.0593768057
0.754550187  0.7076085082  0.217689984  -3.128842291  -0.1907955101  -0.05924397658
0.7545443864  0.7076134273  0.2177125717  -3.128848942  -0.1907939861  -0.05931057507
0.7545174992  0.707638541  0.2177067955  -3.128819615  -0.1908290798  -0.05934912895
0.7545418232  0.7076116279  0.2176787528  -3.128850747  -0.1907754801  -0.05928337775
0.7545167519  0.7075852391  0.2176610062  -3.128851657  -0.1907763668  -0.05925746292
0.7545044049  0.7076071404  0.21765597  -3.128856917  -0.1908145086  -0.05927072217
0.7544929837  0.7076255047  0.2176728389  -3.128863579  -0.1908140468  -0.05931054389
0.7544653565  0.7076285152  0.2176406319  -3.128904905  -0.1908364774  -0.05927246931
0.7544957436  0.7076060518  0.2176506039  -3.128892469  -0.1907596941  -0.05929838905
0.7544585747  0.707617852  0.2176180527  -3.128931778  -0.1908196448  -0.059259665
0.7544382657  0.7076362143  0.2176159659  -3.128903382  -0.1908556511  -0.05924638948
0.7544173079  0.7076489922  0.2176022735  -3.128905122  -0.1908375904  -0.0592181843
0.7544079328  0.7076372781  0.2175778974  -3.128938525  -0.1908591879  -0.05919310976
0.7543551153  0.7076717972  0.2175529513  -3.128959101  -0.1909374733  -0.05912820136
0.7543949597  0.7076225136  0.2175735192  -3.128920583  -0.190857313  -0.05922029162
0.7543760828  0.7076397353  0.2175116355  -3.128948202  -0.1908419471  -0.0591275434
0.7543396416  0.7076493179  0.2175173091  -3.128961825  -0.190880155  -0.05915426078
0.7543342284  0.7076627635  0.2175132126  -3.128959135  -0.1909174585  -0.05915466949
0.7543369117  0.7076551687  0.2174988135  -3.128934298  -0.1909354181  -0.05911419531
0.7543310981  0.7076534064  0.2175216173  -3.128971095  -0.190842914  -0.05916826793
0.7542887126  0.7076813235  0.217528075  -3.12894317  -0.1908605316  -0.05915437071
0.7542653523  0.7076725671  0.2175025593  -3.128969727  -0.1908633209  -0.05911472315
0.7542596099  0.7076672074  0.2174752055  -3.128988645  -0.190846894  -0.05906228835
0.7542508251  0.7076687473  0.2175042888  -3.128986255  -0.1908449984  -0.05914243187
0.7542478118  0.7076478535  0.217448565  -3.129033066  -0.1908123905  -0.05905080715
0.7541890409  0.7076951447  0.217460019  -3.129008156  -0.1909239322  -0.0590500578
0.7541770054  0.7077024177  0.2174392116  -3.129018507  -0.1909073609  -0.05898396427
0.7541657532  0.7077030137  0.2174663812  -3.128997133  -0.1909411414  -0.05908944074
0.754162969  0.7076968712  0.2174685755  -3.12901465  -0.1909236377  -0.05909072769
0.7541859882  0.7076367009  0.2174049886  -3.129064249  -0.1908918742  -0.05897270553
0.7541346601  0.7076707941  0.2174510716  -3.129032022  -0.1909648147  -0.05901201555
0.7541164927  0.7077062813  0.2174535589  -3.128995379  -0.1909803018  -0.05903669613
0.7541156018  0.7077002888  0.2175249261  -3.128936442  -0.1909172085  -0.05915440681
0.7541008521  0.7077170847  0.2174527459  -3.129004894  -0.1909230008  -0.05907644539
0.7540846495  0.7077221077  0.2174989214  -3.128922745  -0.1909908834  -0.05916722501
0.7540700473  0.7077191391  0.2175309189  -3.128921287  -0.1909900342  -0.05922041051
0.7540580488  0.7077217604  0.2175268515  -3.128927955  -0.1908790357  -0.05916657262
0.7540148271  0.7077453102  0.217514957  -3.128948119  -0.190956062  -0.05915418374
0.7540063658  0.7077358466  0.2174920522  -3.128941971  -0.1909181042  -0.05914069705
0.7540431558  0.7076979591  0.2175047961  -3.128973346  -0.190826022  -0.05915515215
0.7539987575  0.7077083947  0.2175514741  -3.128923705  -0.1909355054  -0.05919372062
0.7539763267  0.7077361266  0.2174820358  -3.12897491  -0.1909400448  -0.05911505131
0.7539786939  0.7077055531  0.2175645204  -3.12889123  -0.1908960431  -0.05919302067
0.7539379048  0.7077164059  0.2175414296  -3.128924376  -0.1909380805  -0.05911390258
0.7539363928  0.7077073998  0.2175127348  -3.12897345  -0.1909591259  -0.05914242558
0.7539358215  0.707708791  0.2175706758  -3.128921415  -0.190955061  -0.05919409697
0.7538934035  0.7077323089  0.2175440099  -3.128960337  -0.1910150553  -0.05915537564
0.7538605825  0.7077345116  0.2175360485  -3.128949606  -0.1910525303  -0.05914193387
0.7538571113  0.7077326499  0.2175448893  -3.12895026  -0.1910535148  -0.05911559459
0.7538695156  0.7077200311  0.2175665566  -3.128936461  -0.1909559791  -0.05919487025
0.7538445999  0.7077325078  0.2175917101  -3.128894738  -0.1909352258  -0.05917987251
0.7538320042  0.7077316363  0.2175738989  -3.128934377  -0.1909750311  -0.05919490818
0.7538370771  0.7077171809  0.2175723705  -3.128907664  -0.1908415171  -0.0591934439
0.7538110729  0.7077278823  0.2176107235  -3.128834636  -0.190891502  -0.05927099314
0.7537844576  0.7077455876  0.2176361571  -3.128847839  -0.1909103079  -0.05932512887
0.7537906956  0.7077183729  0.2176148361  -3.128859356  -0.1908931706  -0.05928546037
0.7537326936  0.7077564822  0.2175830303  -3.128930164  -0.1909741344  -0.05924788852
0.7537657648  0.7077067002  0.217555787  -3.128919307  -0.190917258  -0.05922070345
0.7537300331  0.7077638068  0.2176608216  -3.128786728  -0.1909260473  -0.05930967582
0.7536981663  0.7077609088  0.2176032861  -3.12887082  -0.1909710199  -0.0592325242
0.7537213543  0.7076907796  0.2175647571  -3.128919726  -0.1908991419  -0.05922113502
0.7537106852  0.7077181788  0.2175963264  -3.12886731  -0.1908952207  -0.05924587653
0.753689599  0.7077170963  0.2175858795  -3.128893711  -0.1909184703  -0.05915376671
0.753648975  0.7077435235  0.2175373748  -3.12891347  -0.1909947484  -0.05914171968
0.7536759256  0.7076955465  0.2175828093  -3.128902631  -0.190880546  -0.05919514941
0.7536366987  0.7077245  0.2175823643  -3.128896037  -0.1909735648  -0.05922099568
0.7536061945  0.7077454599  0.2176099525  -3.128877106  -0.1909911202  -0.0592203285
0.7535785305  0.7077677895  0.2175884005  -3.128904861  -0.1910868111  -0.0592215655
0.7535904084  0.7077372133  0.2176035688  -3.128911381  -0.1909551157  -0.05924862392
0.7535955127  0.7077303792  0.2175777609  -3.128921104  -0.1909760939  -0.05918229202
0.7535579368  0.7077583855  0.2176027947  -3.12887312  -0.1910083723  -0.05927381684
0.7535611463  0.7077207771  0.2175889569  -3.128929907  -0.1909384546  -0.05922257043
0.7535477706  0.7077474219  0.2176017656  -3.12888053  -0.1908978182  -0.05919418066
0.7535663731  0.707721886  0.2176178751  -3.128873208  -0.1908377615  -0.05931327234
0.7535321842  0.7077273905  0.2176161369  -3.128851609  -0.1909313865  -0.05928647106
0.7535371257  0.7077123928  0.2176308001  -3.128854901  -0.1908754118  -0.05928658552
0.7535068837  0.7077381709  0.2176671506  -3.128791027  -0.1909271419  -0.05932400878
0.7535113458  0.7077218132  0.217594213  -3.128856526  -0.1908578004  -0.05923286455
0.7535213871  0.7076918373  0.2176108181  -3.128851995  -0.1907813622  -0.0592726319
0.7535349812  0.7076678903  0.2176416711  -3.128836063  -0.1907417317  -0.05932626015
0.753475812  0.7077304373  0.2176539697  -3.128818702  -0.1908534304  -0.0593387195
0.7534555746  0.7077311755  0.2176333096  -3.128818031  -0.1908923009  -0.05928535609
0.7534424156  0.7077289005  0.2176104238  -3.12885228  -0.1908755864  -0.05928661405
0.7534271268  0.7077145698  0.2176200738  -3.128860878  -0.190896511  -0.05924768589
0.7534073876  0.7077295005  0.2175852174  -3.128893702  -0.1909373625  -0.05919480987
0.7533942053  0.7077301639  0.2176097648  -3.128874957  -0.1909351264  -0.05924769782
0.7533648107  0.7077352061  0.2176363232  -3.128856167  -0.1909533211  -0.05924781063
0.7533198729  0.7077764262  0.2175868295  -3.128882973  -0.1910681218  -0.05922169885
0.7533284546  0.7077480376  0.2176045123  -3.128889245  -0.1909755809  -0.05919551037
0.7533098442  0.7077268817  0.2175997611  -3.128889833  -0.1909758634  -0.05919542058
0.7533231396  0.7077292762  0.2176086211  -3.128846859  -0.1909913456  -0.05920702398
0.7533034152  0.7077363352  0.2176142182  -3.128872535  -0.1909553485  -0.05922162002
0.753302159  0.7077181197  0.2175942427  -3.128881216  -0.1909749252  -0.05920850023
0.7532942316  0.7076992282  0.2176264388  -3.128909101  -0.1909012778  -0.05924988872
0.7532709534  0.7077310584  0.2176196587  -3.128881821  -0.1909185189  -0.05923524679
0.7532261791  0.7077573411  0.217637792  -3.128824786  -0.1909894278  -0.05928633676
0.7532457279  0.7077192034  0.2176413617  -3.128806248  -0.1908549324  -0.05932577765
0.7532493129  0.7077182577  0.217641836  -3.128840847  -0.1908384121  -0.05932703246
0.7532022799  0.7077442474  0.2176143402  -3.128813256  -0.1908749839  -0.05928550429
0.7531966888  0.7077471732  0.2176355122  -3.128834248  -0.1909118875  -0.05937940134
0.7531940526  0.7077326885  0.2176339427  -3.128819054  -0.1909129704  -0.05932597388
0.7531806617  0.7077403746  0.2176547523  -3.128777493  -0.1908915061  -0.05931160653
0.753159914  0.7077263139  0.2176373785  -3.128835909  -0.1908951599  -0.05932741356
0.75314333  0.7077488749  0.2176300379  -3.128808515  -0.1909311223  -0.05931243787
0.7531005353  0.7077523823  0.2176354042  -3.128814592  -0.1909505333  -0.05932612718
0.7531024939  0.7077369275  0.2176356512  -3.128832544  -0.1909526139  -0.05930056513
0.7531147299  0.7077174846  0.2176719921  -3.12877552  -0.1909105134  -0.05933828143
0.7530959731  0.7077157702  0.2176630758  -3.128781715  -0.1909489379  -0.05932607836
0.7530738367  0.7076895454  0.2176068226  -3.128850567  -0.1909741233  -0.05924922636
0.7530774055  0.7077053788  0.2176235117  -3.128841626  -0.1909342702  -0.05931526879
0.7530458681  0.7077110032  0.2176358157  -3.128831869  -0.1909728011  -0.05927488933
0.7530118662  0.7077450596  0.2176587247  -3.128793062  -0.1910067139  -0.05932679033
0.753015234  0.707709592  0.2176217853  -3.12885704  -0.1909749635  -0.05926215251
0.7530033499  0.7077325853  0.2176165027  -3.128831148  -0.1909538166  -0.05927456152
0.7529828751  0.7077244578  0.2176189993  -3.128853144  -0.1908629385  -0.05922264658
0.7529757533  0.7077464784  0.2176593071  -3.128832493  -0.190877451  -0.05932730219
0.7529954408  0.7076962828  0.217626729  -3.128847033  -0.1908038965  -0.0592888084
0.75294265  0.7077305245  0.2175887667  -3.128856775  -0.1909182871  -0.05926282967
0.7529408829  0.7077256861  0.2176337397  -3.128842564  -0.1908604409  -0.05928820023
0.7529623339  0.7077156846  0.2176361245  -3.128810068  -0.1908385558  -0.05931346433
0.7529347766  0.7076853386  0.2176115474  -3.128844343  -0.1908612359  -0.05926243734
0.7528768826  0.7077461986  0.2176359659  -3.12882694  -0.1909534942  -0.05930182797
0.7528793559  0.7077264171  0.2175703173  -3.128882662  -0.1909013649  -0.05924982216
0.7528862054  0.7077195977  0.2176150336  -3.128815158  -0.1908771677  -0.05930083709
0.7528753634  0.7077071004  0.2176171906  -3.128821538  -0.1909150884  -0.05931472696
0.7528457459  0.7077137304  0.2176330393  -3.128800882  -0.1909705743  -0.05931488205
0.7528519746  0.7077001121  0.2176241746  -3.128819437  -0.1909529478  -0.05931508348
0.7528185401  0.7077154247  0.2175415678  -3.12889696  -0.1909604623  -0.05919796942
0.7528473246  0.7076608844  0.2175875505  -3.128835711  -0.1908622556  -0.05922308137
0.7528225489  0.7076795101  0.2176018775  -3.128856029  -0.1908997777  -0.05929073628
0.7527603996  0.7077075568  0.2176025854  -3.128861477  -0.1909783861  -0.05919728234
0.752801293  0.707688833  0.2175974513  -3.128872366  -0.1909009724  -0.0592907248
0.7527898349  0.7076828793  0.2176367302  -3.12881237  -0.1909160984  -0.05930205333
0.7527583609  0.7077049637  0.2175980932  -3.128832948  -0.1910122292  -0.05926271444
0.7527305738  0.7077409972  0.2176276822  -3.128802204  -0.1910267252  -0.05935507875
0.7527370375  0.70767792  0.2175945289  -3.128853105  -0.1909581372  -0.05923778111
0.7527119254  0.7077062186  0.217624726  -3.1288045  -0.1910287316  -0.05930227066
0.7527079344  0.7077174681  0.2176011755  -3.128796436  -0.1909896812  -0.05931583423
0.7527046382  0.7076883864  0.2175989681  -3.128846274  -0.1908816037  -0.05927683438
0.752672872  0.7077249757  0.2176281276  -3.128807434  -0.1909155905  -0.05932868848
0.7526859824  0.7076863775  0.217583588  -3.128844021  -0.1907891484  -0.05920961497
0.7526393231  0.7077055253  0.2176216049  -3.128832888  -0.1909376074  -0.05928995975
0.752668259  0.7076943091  0.2176085834  -3.128839573  -0.1908052362  -0.05931613313
0.752644708  0.7076862128  0.2175708624  -3.128873595  -0.1908274859  -0.05926415444
0.7526379961  0.7076847533  0.2175918306  -3.128831461  -0.1908253648  -0.05924981896
0.7526187705  0.707673493  0.2175645299  -3.128882685  -0.1908097699  -0.05925200996
0.7525940761  0.7077012241  0.2175818196  -3.128876444  -0.1909031055  -0.05927787683
0.7525752792  0.7077038617  0.2175356594  -3.128895325  -0.190906682  -0.05917255929
0.7525789772  0.7076656063  0.2175642621  -3.128906747  -0.1908505896  -0.05921318671
0.7525677055  0.7076558185  0.217583833  -3.128897798  -0.1908696721  -0.05919988456
0.752558905  0.7076614483  0.2175773573  -3.128905539  -0.1908697609  -0.05921344345
0.7525651712  0.7076532801  0.2175467402  -3.128911784  -0.1907960623  -0.05913319243
0.7525139548  0.7076663781  0.2175423256  -3.128919093  -0.1909277019  -0.05918778389
0.7525070839  0.7076636064  0.21756245  -3.128884556  -0.1909445569  -0.05918665031
0.7525030828  0.70767504  0.2175653372  -3.128870919  -0.1908678095  -0.05918550797
0.7524924909  0.7076795888  0.217556783  -3.128886468  -0.1908876074  -0.0591862377
0.752507976  0.7076410537  0.2175892901  -3.128879522  -0.1908679266  -0.05922621595
0.7524529096  0.7076696031  0.2175819409  -3.12887195  -0.1909608614  -0.05925327618
0.7524423717  0.707680198  0.2175702483  -3.128843446  -0.1910153337  -0.05926492508
0.7524093382  0.7077000405  0.2176056448  -3.12880234  -0.1909754533  -0.05924986615
0.7524130783  0.707663865  0.217568643  -3.128872877  -0.1909625688  -0.05920001339
0.7523976059  0.7076803549  0.2175958764  -3.128850605  -0.1910157564  -0.05927883173
0.7524211286  0.7076708631  0.2176416018  -3.128792685  -0.1909540923  -0.05934421985
0.7523703263  0.7076672738  0.2175739948  -3.128878958  -0.1909818876  -0.05921371321
0.7523662229  0.7076813251  0.2175682433  -3.128827703  -0.1909578708  -0.05926442587
0.7524054719  0.7076466943  0.2175992943  -3.128845805  -0.1907905232  -0.05925257574
0.7523669335  0.7076529572  0.2175957456  -3.128845692  -0.1907706684  -0.05927793108
0.752354429  0.7076574165  0.2175858133  -3.128861809  -0.1907912374  -0.05925212005
0.75234272  0.7076461962  0.2175178441  -3.128915203  -0.1907968637  -0.0591477737
0.7523253149  0.7076428376  0.2175496803  -3.128910917  -0.1908528414  -0.05920115053
0.752312821  0.7076691006  0.2175790687  -3.128866645  -0.1908686669  -0.05921246336
0.7522822503  0.7076645546  0.2175752109  -3.128880332  -0.1908867052  -0.05926679519
0.7523136231  0.7076443004  0.2176305174  -3.128825851  -0.1907877837  -0.0593308292
0.7522824449  0.7076770868  0.2175809475  -3.128805364  -0.1908826205  -0.05922384422
0.7522538094  0.7076747098  0.217553613  -3.128854297  -0.1909046045  -0.05922605426
0.7522304955  0.7076472826  0.2175778761  -3.128864615  -0.1908877286  -0.05921322935
0.7522267765  0.7076771134  0.2175636206  -3.128850528  -0.1909408932  -0.05927923524
0.7522496096  0.7076441242  0.2175796124  -3.128854983  -0.1908655355  -0.05930595086
0.7522180394  0.7076331044  0.2175319046  -3.128890906  -0.1908900404  -0.05917465849
0.7521944818  0.7076540206  0.2175234133  -3.128919311  -0.1909468854  -0.05922884952
0.7521937038  0.7076375767  0.2175605841  -3.128852818  -0.1909039419  -0.05927992932
0.7521763609  0.7076561273  0.2175340033  -3.128875297  -0.190962591  -0.0592410518
0.7521774668  0.7076223088  0.2175242297  -3.128872895  -0.190888347  -0.05920079293
0.7521439974  0.7076767663  0.2175571456  -3.128842793  -0.190923915  -0.05921288677
0.7521229779  0.7076662315  0.2175459968  -3.128865442  -0.1909620764  -0.05925352103
0.7521266648  0.7076527121  0.2175503235  -3.128865944  -0.1909622511  -0.05925375554
0.7521051998  0.7076606927  0.2175572286  -3.128856367  -0.1909419122  -0.05929350176
0.7521246424  0.707614419  0.2175311435  -3.1288816  -0.1908710619  -0.05918820672
0.7520970858  0.7076635813  0.2176136317  -3.128761347  -0.1909736204  -0.05930389683
0.7520832745  0.7076448919  0.2175875457  -3.128797044  -0.1909578239  -0.05927841842
0.7520264103  0.7076861929  0.2176039559  -3.12878925  -0.1910316415  -0.0593316934
0.7520284007  0.7076551108  0.2175604252  -3.128826152  -0.1910358467  -0.05925354288
0.7520237534  0.7076372576  0.2175217113  -3.128886066  -0.1908709218  -0.05922825094
0.7520496481  0.7075961148  0.2175641439  -3.128849248  -0.1907934786  -0.0592403174
0.7519603401  0.7076202082  0.2175911066  -3.12880735  -0.1908648055  -0.05931860049
0.7519338803  0.7076069302  0.2175418082  -3.128869099  -0.190852208  -0.05922840669
0.7518472708  0.7076002963  0.2175395972  -3.128873371  -0.1909106429  -0.05921614211
0.751844895  0.7075615224  0.217561246  -3.128845484  -0.1908147672  -0.05921524446
0.75177804  0.7075895375  0.2175192809  -3.128874532  -0.1908541248  -0.05921688149
0.751683711  0.7075944858  0.2175914977  -3.128845679  -0.1908921224  -0.05920327367
0.7516826596  0.7075530661  0.2175387803  -3.128851406  -0.1907978073  -0.05920352722
0.7516180179  0.7075449491  0.2175734471  -3.128888886  -0.1908570077  -0.05924514068
0.751528643  0.7075572657  0.2176190184  -3.128814118  -0.1909270969  -0.05929641034
0.7514977102  0.7075487158  0.2176180205  -3.128834328  -0.1908341119  -0.05932355479
0.7514098897  0.7075440448  0.2176196019  -3.128838136  -0.1909304068  -0.05928394623
0.7513570451  0.7075330788  0.2175789732  -3.128899482  -0.1908980463  -0.0592202369
0.7512778597  0.7075322185  0.2175630174  -3.128929664  -0.190957749  -0.05919514755
0.7512043019  0.7074924917  0.2175534469  -3.128884812  -0.1908824545  -0.05911384045
0.7511542777  0.7074857437  0.2175668643  -3.128897934  -0.1909202211  -0.05914201051
0.7510835499  0.7074904494  0.2176057696  -3.12883261  -0.1909312486  -0.05928613899
0.7510489052  0.70748385  0.2175773218  -3.128890217  -0.1908439175  -0.05918106753
0.7510033549  0.7074730921  0.2176395426  -3.128807782  -0.1909125345  -0.05927201993
0.7508955071  0.7074751562  0.217575018  -3.128874196  -0.1909385886  -0.05916912014
0.7508683631  0.7074413343  0.2176124578  -3.12884246  -0.1908796241  -0.05922133705
0.7507604769  0.7074454774  0.2175931937  -3.128865823  -0.1909025722  -0.0591564724
0.7507213936  0.7074548655  0.2176381106  -3.12878454  -0.1909134806  -0.05927371749
0.7506671714  0.7074400684  0.2176319815  -3.128784635  -0.1908742179  -0.05932649372
0.7505338977  0.7074514287  0.2176187495  -3.128820992  -0.1909547697  -0.05926309041
0.7504667457  0.7074266649  0.2176277776  -3.128772557  -0.1908755307  -0.0593139794
0.7504053886  0.7074273432  0.21760696  -3.128786451  -0.1909142946  -0.05931438071
0.7503090983  0.7074081913  0.2175902388  -3.128794327  -0.1909166264  -0.05927574136
0.7502650161  0.707390316  0.2176106705  -3.128794101  -0.1908979446  -0.05930265148
0.750184027  0.7073696814  0.2175842028  -3.128809826  -0.1909189798  -0.05927701703
0.7501257193  0.7073709357  0.2175785641  -3.128808402  -0.1908997176  -0.05930421204
0.7500728092  0.7073637813  0.217586926  -3.128807793  -0.1909004504  -0.05930406092
0.749989353  0.7073287661  0.2175449734  -3.128799336  -0.1909207417  -0.05923829524
0.7499494118  0.7073153327  0.2175340953  -3.128804667  -0.1909383809  -0.05927981575
0.749837021  0.7072935013  0.2175341577  -3.128823171  -0.1909046731  -0.05922783513
0.7497881926  0.707276312  0.2174815842  -3.128824837  -0.1908869575  -0.05917513101
0.7497114499  0.7072505501  0.2175172574  -3.128815493  -0.1908288723  -0.05926860115
0.7496687235  0.7072382896  0.2174910013  -3.128826302  -0.1908119468  -0.05922799869
0.7495656629  0.7072275127  0.2175178908  -3.128785326  -0.1908641079  -0.05930782284
0.7495412778  0.707163414  0.2174598183  -3.128866555  -0.1908545371  -0.05919235411
0.7494814554  0.7071687166  0.2175189672  -3.128827487  -0.1909076865  -0.05924439587
0.7494268917  0.7071596845  0.217479696  -3.128846865  -0.1908727296  -0.05919183488
0.7494214661  0.707188793  0.2175051211  -3.128816429  -0.1909067664  -0.0592576312
0.7494080849  0.7072074689  0.2175507219  -3.128732894  -0.190953413  -0.05942654937
0.7494137542  0.7071817647  0.2174896525  -3.128779718  -0.1909402018  -0.05930936213
0.749403582  0.7071675872  0.2174987308  -3.128820805  -0.1908515896  -0.05923043219
0.74940133  0.7071637293  0.2175074812  -3.128834285  -0.1909084283  -0.05925791809
0.7494144812  0.7071641082  0.2175109736  -3.1287666  -0.1908833711  -0.05930839313
0.7494247304  0.7071592193  0.2175056741  -3.12879438  -0.190868074  -0.05924369439
0.7494222282  0.7071523733  0.2175048291  -3.128796396  -0.1908299355  -0.05926922009
0.7494249311  0.707142731  0.2175148907  -3.128735725  -0.1908436401  -0.05930717511
0.7494012913  0.7071664252  0.217499621  -3.128796199  -0.1909605671  -0.05931004869
0.7494257302  0.7071716048  0.2175174566  -3.128736732  -0.1908967246  -0.05942733261
0.7493969445  0.7071977229  0.2175562371  -3.1287153  -0.1909712663  -0.05942618575
0.7494324016  0.7071511346  0.2175077124  -3.12875896  -0.190882977  -0.05929538518
0.749428422  0.7071395597  0.2175399273  -3.128734386  -0.1908229517  -0.05938712759
0.7494326048  0.7071462545  0.2175265929  -3.128750282  -0.190862106  -0.05936079655
0.7494347294  0.707155484  0.2175191896  -3.128736788  -0.1909560019  -0.05934839769
0.7494750236  0.7071200805  0.2175064893  -3.128763667  -0.1907875754  -0.05934893535
0.7494399556  0.7071563946  0.2175371398  -3.128763365  -0.1909383128  -0.05936165429
0.7494659727  0.7070968041  0.217476483  -3.128786183  -0.1908846714  -0.05931042257
0.7494589119  0.7071268525  0.2175051232  -3.128788703  -0.1909789035  -0.05932398622
0.7494824129  0.7071014888  0.2175368173  -3.12876328  -0.1909953985  -0.05936262842
0.749462331  0.7071043039  0.217547516  -3.128710538  -0.191029711  -0.05936058485
0.7494689112  0.7071079136  0.2175425164  -3.128746673  -0.1909951606  -0.05933538863
0.7495007128  0.707082962  0.2175365401  -3.128747528  -0.1909551548  -0.05941544776
0.7494992978  0.7070990439  0.2175098323  -3.128755714  -0.1909555108  -0.05940220037
0.7494771486  0.7070985448  0.2175435344  -3.12877173  -0.1910160942  -0.05932335607
0.7494729144  0.7071155337  0.2175308594  -3.12875464  -0.1910153207  -0.05929634755
0.7494996802  0.7070692998  0.2174973949  -3.128818232  -0.1909827032  -0.05925961645
0.7495368428  0.7070744855  0.2175460182  -3.128735569  -0.1908992643  -0.05936221457
0.7495137657  0.707097942  0.2175697437  -3.128756114  -0.190956501  -0.05940236835
0.7495006563  0.70708488  0.2175281461  -3.128789332  -0.1909973627  -0.05935110511
0.7495048134  0.7070734273  0.2175182975  -3.128796356  -0.1909058701  -0.05927158884
0.7495173617  0.7070688932  0.2175295384  -3.128777696  -0.1909220362  -0.05932388829
0.7495206545  0.7070726448  0.2175377339  -3.128768576  -0.1909211121  -0.05933723297
0.7495034763  0.7070767957  0.2175384685  -3.128768317  -0.1909603579  -0.05928335945
0.7495057557  0.7071134916  0.2175401601  -3.128762821  -0.1910146751  -0.05933636541
0.7495432396  0.707063123  0.2175821983  -3.128711136  -0.1908783411  -0.0594005778
0.7495526885  0.7070551689  0.2175449916  -3.128770739  -0.1909024218  -0.05933737888
0.7495220394  0.707076251  0.2175302574  -3.12875174  -0.1909197693  -0.05933648699
0.7495390291  0.7070749988  0.217520128  -3.12878762  -0.1909038799  -0.05931072453
0.7495296277  0.7070651923  0.2175127636  -3.128786807  -0.1909226528  -0.05931096704
0.7495244604  0.7070788579  0.2175651574  -3.128740831  -0.1909561344  -0.05937544661
0.749528711  0.707081793  0.217557584  -3.128733548  -0.190917428  -0.05938862852
0.7495276014  0.707076238  0.2175631727  -3.128765187  -0.1909566702  -0.05941633912
0.7495122803  0.7070702609  0.2175151691  -3.128778704  -0.1909429048  -0.0592445233
0.7495360939  0.7070725369  0.2175432807  -3.128751459  -0.1909191508  -0.05936295342
0.7494674948  0.7071151714  0.217543108  -3.128734529  -0.1910894535  -0.05929548753
0.7495043976  0.7070776251  0.2175418225  -3.128757138  -0.1909961423  -0.05932289858
0.7494922775  0.707098478  0.2175039516  -3.128785742  -0.1909428185  -0.05925708654
0.749503034  0.7070905463  0.2175527862  -3.128745372  -0.191012396  -0.05938912816
0.7495116454  0.7070840191  0.2175134208  -3.128776004  -0.1909599319  -0.05929729723
0.7495043088  0.7070705862  0.2175008914  -3.128810729  -0.1909434636  -0.05929889799
0.7495013079  0.7070858136  0.2175146072  -3.128800564  -0.1909613685  -0.0593116298
0.7494677461  0.7071064607  0.2175137423  -3.128787471  -0.1910362121  -0.05929796713
0.7495094132  0.707080512  0.2175200173  -3.128768235  -0.1909403751  -0.05931021089
0.7495069752  0.7070777412  0.2174994254  -3.12878607  -0.190942035  -0.05928392309
0.7494961774  0.7070778936  0.2175124569  -3.128808709  -0.1909616284  -0.05932531333
0.7495078429  0.707077993  0.2174981516  -3.128789423  -0.1908865405  -0.05925718643
0.7494935878  0.7070773542  0.2175066975  -3.128796878  -0.1908869567  -0.05927146585
0.7494759436  0.7071159333  0.2175460544  -3.128737849  -0.1909941252  -0.05934811209
0.7494799055  0.707083206  0.2175004398  -3.128793129  -0.190961924  -0.05927111694
0.7495111703  0.7070620021  0.2175262402  -3.12878064  -0.1908854114  -0.05929697662
0.7494806013  0.7071026964  0.2174811047  -3.128817829  -0.190983067  -0.0592321261
0.7495002774  0.7070907631  0.2175488089  -3.128723799  -0.1909555254  -0.05934807706
0.7494424677  0.7071327715  0.2174964481  -3.128786799  -0.1910366285  -0.05927113569
0.7494693572  0.7071093766  0.2175185242  -3.128762838  -0.1910153706  -0.05931009445
0.7494925704  0.7070711035  0.2174812033  -3.128823126  -0.1908692057  -0.05928523798
0.7494855434  0.7070845561  0.2175190836  -3.128792771  -0.1909418895  -0.05932403532
0.7494700005  0.7071033615  0.2174770355  -3.128811171  -0.1909250949  -0.05927074336
0.7494927025  0.7070842629  0.2174893154  -3.128844384  -0.1907767448  -0.05925949637
0.7494686053  0.7071128249  0.2175323635  -3.128781936  -0.1907901848  -0.05932238916
0.7495088147  0.7071018599  0.217511255  -3.128803881  -0.1907165266  -0.05929687156
0.7495044866  0.7071008119  0.2175224911  -3.128767804  -0.190751155  -0.05932216725
0.7494734463  0.7071390175  0.2175546795  -3.128737042  -0.190804936  -0.05936054216
0.7495092726  0.707105352  0.2175037427  -3.128786128  -0.1907339405  -0.0592961878
0.7494810442  0.7071238786  0.2174894445  -3.128831991  -0.1908122474  -0.05929774567
0.7494953953  0.7071061367  0.2175157356  -3.128801652  -0.1907541639  -0.0592969832
0.7494916931  0.7071359753  0.217529713  -3.128779122  -0.1908068977  -0.05937541706
0.7494728202  0.7071612786  0.2175236041  -3.128730485  -0.190786807  -0.05929336125
0.749500726  0.7071164658  0.2175194026  -3.128752924  -0.1907131072  -0.05929457682
0.7495169359  0.7071101559  0.2175290961  -3.128778513  -0.1906950416  -0.05933533235
0.7494742336  0.7071574807  0.2175495817  -3.128751084  -0.190843292  -0.0593614869
0.7494880637  0.7071350302  0.217510966  -3.128781319  -0.1907894154  -0.05932236564
0.7494728254  0.7071333253  0.2175314368  -3.128806261  -0.1907920143  -0.05931095261
0.7494811396  0.7071664504  0.2175250859  -3.128744179  -0.1908238185  -0.05934711084
0.7494918184  0.7071590962  0.2175146446  -3.128772645  -0.1907890469  -0.05930840872
0.7494962674  0.7071445088  0.2175438498  -3.128730991  -0.1907472649  -0.05937353431
0.7494817642  0.7071319201  0.2175574697  -3.128721171  -0.190785038  -0.05936030939
0.7494719311  0.707134318  0.2175320836  -3.12877226  -0.1907889459  -0.0593353922
0.7494887719  0.7071391518  0.2175294452  -3.128733242  -0.1907299296  -0.05932059064
0.7495035573  0.7071353517  0.2175281546  -3.128751688  -0.1907122873  -0.05932067579
0.7494737587  0.7071403506  0.2175159301  -3.128771022  -0.1908268692  -0.05930893093
0.74947147  0.7071513078  0.2175225254  -3.12877801  -0.1908263099  -0.0593488509
0.7495108888  0.7071072194  0.2175505276  -3.12876832  -0.1907327702  -0.05932258174
0.7494936606  0.7071209  0.2175133353  -3.128793319  -0.1907342748  -0.0593095431
0.7494970989  0.7071287542  0.2175296819  -3.128765879  -0.1907698332  -0.05932179039
0.7494903513  0.7071396676  0.2175337713  -3.128747022  -0.1907866555  -0.05934745562
0.7494911432  0.707118982  0.2175239669  -3.12879208  -0.1907532129  -0.05931019729
0.7494892459  0.7071352081  0.2175266609  -3.128761989  -0.1908056641  -0.05937528995
0.7494944845  0.7071207142  0.2175004129  -3.128809264  -0.1907539514  -0.05931034794
0.7495105255  0.7071244632  0.2175396428  -3.128750649  -0.1907305081  -0.05934748537
0.7494914183  0.7071162719  0.2175044761  -3.128810586  -0.1907353776  -0.0593098776
0.7494772237  0.707126806  0.2175191011  -3.128773962  -0.1907903113  -0.05928249994
0.7494748734  0.7071378596  0.2174956542  -3.128792532  -0.1907535103  -0.05928239189
0.7494563512  0.7071547704  0.2175091578  -3.128777644  -0.1908457182  -0.0593218009
0.7494891759  0.7071165711  0.2174778786  -3.128834011  -0.1907940823  -0.05927133013
0.7494440886  0.70714288  0.217482085  -3.128813381  -0.190850112  -0.05924403884
0.7494484498  0.707145757  0.2174754207  -3.12880358  -0.1908481335  -0.05928375418
0.7494727644  0.7071038368  0.2174758274  -3.128816475  -0.1908314361  -0.05924401162
0.7494754347  0.7071206179  0.2174933973  -3.12879929  -0.1907913092  -0.05929633513
0.7494687005  0.7071315634  0.2175262122  -3.128771368  -0.1908076369  -0.05933549231
0.7494712285  0.7071178776  0.2174861742  -3.128799996  -0.1907920197  -0.05926996299
0.7494996112  0.7070881657  0.2174699289  -3.128845835  -0.190738063  -0.05928511428
0.7494643763  0.7071266955  0.2174872634  -3.128824155  -0.1908128975  -0.05925767448
0.7494918943  0.7071049314  0.217470971  -3.128807612  -0.1908106118  -0.05928416265
0.7494762221  0.7071264241  0.2175056187  -3.128788419  -0.1908475295  -0.05928291638
0.7494961443  0.7071080854  0.2175184731  -3.128785761  -0.1907342775  -0.05929624205
0.7495139382  0.7070743775  0.2174756621  -3.128832095  -0.1907198443  -0.05923164487
0.7494684401  0.7071374893  0.2175070464  -3.128773596  -0.190809633  -0.05925543838
0.7494816151  0.7071120663  0.2174654838  -3.128826598  -0.1907945478  -0.05923131563
0.7494882101  0.7071037768  0.2174956582  -3.128807751  -0.1908306698  -0.05925741373
0.7494994788  0.7070857215  0.2175098652  -3.12881587  -0.1907717328  -0.05937803896
0.7494830441  0.7071311944  0.2175030143  -3.128788253  -0.1908278156  -0.05930966498
0.749485896  0.7071229405  0.2175151351  -3.128764456  -0.1908275203  -0.05926910586
0.7494666285  0.7071456373  0.2175118719  -3.128801753  -0.1908658416  -0.05933682748
0.7495127758  0.7071110804  0.2175044359  -3.128790442  -0.1908090602  -0.05930984552
0.7494927309  0.7071245788  0.2174945467  -3.128806139  -0.1908296029  -0.05928395559
0.7494728613  0.7071431724  0.2174951313  -3.128793469  -0.1909050475  -0.05927041608
0.749501027  0.7071361063  0.2175045769  -3.128789224  -0.190828455  -0.05928310162
0.7495288078  0.7071066047  0.2175168312  -3.128799224  -0.1907898649  -0.05934992394
0.7494888207  0.7071284628  0.2174647007  -3.128821525  -0.1910380907  -0.05927235846
0.7495140086  0.7071062827  0.2175146245  -3.128756097  -0.1909952804  -0.0593227808
0.7495035912  0.7071324962  0.2174786834  -3.12878473  -0.1910914208  -0.05929742714
0.749567072  0.7070783599  0.2175110443  -3.128766874  -0.1909961543  -0.05931016938
0.7495102812  0.707139166  0.2175070182  -3.128759048  -0.1910700158  -0.05933647738
0.7495141891  0.7071279918  0.2174872209  -3.128769265  -0.191071625  -0.05929678296
0.7495375729  0.707134951  0.2174951752  -3.128777593  -0.1910717262  -0.0593101278
0.7494942166  0.7071639444  0.2175355167  -3.128718303  -0.1911798901  -0.05936166849
0.7495200238  0.7071395552  0.2175399719  -3.128722985  -0.1911245449  -0.05933528602
0.7495064562  0.70713969  0.2175075683  -3.128748219  -0.1911261985  -0.05932313165
0.7495248384  0.7071220892  0.2174689813  -3.128790908  -0.1911476246  -0.05931133528
0.7495247254  0.7071200353  0.2175204793  -3.128748791  -0.1911061592  -0.05937634812
0.749526115  0.7071372478  0.2175254398  -3.128738839  -0.1911043193  -0.05941534978
0.7495303735  0.7071101268  0.2175157382  -3.128762018  -0.1910524232  -0.05931046624
0.7495305698  0.7071308284  0.2175556207  -3.128706298  -0.1911033465  -0.05938769936
0.7494629928  0.707150189  0.2174691735  -3.128772095  -0.191186505  -0.05923104955
0.7495019668  0.7070805694  0.2174237236  -3.128838828  -0.1911163388  -0.05919399779
0.7494780207  0.7071249937  0.2174276822  -3.128826938  -0.1911339139  -0.05920678782
0.7494894426  0.7071025769  0.2174601735  -3.128793323  -0.1911307589  -0.05925825274
0.7494805196  0.7071234861  0.2174562936  -3.128805363  -0.1911675795  -0.05931266856
0.7494809831  0.7070908856  0.2174358767  -3.128827696  -0.191133605  -0.05923329617
0.7494919866  0.70710438  0.2174656312  -3.128800091  -0.1911497232  -0.05927233532
0.7495134581  0.7070573461  0.2174684902  -3.12882327  -0.1910965767  -0.05922021441
0.7494889427  0.7070792591  0.2174453911  -3.128837239  -0.1911152688  -0.05924710795
0.7494584554  0.7071260403  0.2174114297  -3.128838853  -0.191248238  -0.05918086587
0.7494980006  0.7070918261  0.2174279192  -3.128822733  -0.1910768911  -0.05921947709
0.749521091  0.7070670035  0.2174478613  -3.128830608  -0.1911157459  -0.05920763693
0.74950281  0.7070951161  0.2174242455  -3.128854161  -0.1911165543  -0.05922145631
0.7495409263  0.7070434787  0.2174650131  -3.128837103  -0.1909833529  -0.05926006208
0.7495123062  0.7070698201  0.217406826  -3.128876304  -0.1910629262  -0.0591687976
0.7494981793  0.7071105141  0.2174368779  -3.12881839  -0.1911323049  -0.05924628454
0.7495357972  0.707064223  0.2174473449  -3.12884156  -0.1910791327  -0.05919462596
0.7495561615  0.7071146716  0.2175068644  -3.128761275  -0.1910309283  -0.05938956642
0.7495249644  0.7071421743  0.2175047179  -3.128749456  -0.1911072415  -0.05932294657
0.7495061618  0.7071580688  0.217485872  -3.128782011  -0.1911483321  -0.0592707593
0.7495791765  0.7071303723  0.21751512  -3.128727546  -0.1910479715  -0.05936144061
0.7495315119  0.7071478945  0.2174748329  -3.12882178  -0.1910769878  -0.05921852553
0.7495277616  0.707141412  0.2174917545  -3.128844949  -0.1911162378  -0.05923314648
0.749531181  0.7071472292  0.2174910498  -3.128852122  -0.191154661  -0.05921974919
0.7495324931  0.7071479257  0.2174904703  -3.128828576  -0.1910961642  -0.05923268015
0.7495273725  0.7071419389  0.2174652275  -3.128870203  -0.1911374331  -0.05919446281
0.7495194379  0.7071693793  0.2174558794  -3.128844161  -0.1911161383  -0.05920653704
0.7495307596  0.7071439461  0.2174693236  -3.128880759  -0.1911009418  -0.05918143089
0.7495369826  0.7071362716  0.2175275587  -3.128801609  -0.1911126914  -0.05927220909
0.7495562678  0.707140736  0.2175269568  -3.128787306  -0.1910738754  -0.05927076893
0.7495381455  0.7071366883  0.2174577921  -3.128855576  -0.1910986006  -0.05919358296
0.7495332524  0.7071485923  0.217479556  -3.128834855  -0.1911336458  -0.05924641206
0.7495728406  0.7071206328  0.21753464  -3.128776541  -0.1909602846  -0.05927045612
0.7495139439  0.7071700587  0.2175115089  -3.12879065  -0.1911691784  -0.05923072237
0.7495402898  0.7071558961  0.2174797747  -3.128838132  -0.1910780683  -0.05921953394
0.7495590837  0.7071460238  0.2175232774  -3.128779106  -0.1910735483  -0.05925698613
0.7495467839  0.7071489065  0.2174797623  -3.128799958  -0.1910192586  -0.05920396945
0.7495481567  0.7071561458  0.2175078969  -3.128817799  -0.19094347  -0.05928437299
0.7495666907  0.7071450951  0.2175208543  -3.128803354  -0.1909245405  -0.0592572783
0.7495095461  0.7071919314  0.2174615742  -3.128815088  -0.1910011853  -0.05920441197
0.7495613446  0.7071370966  0.217488834  -3.128823081  -0.1908885638  -0.05923093638
0.7495565648  0.7071274968  0.2174982442  -3.128830655  -0.1908882623  -0.05927123519
0.7495675156  0.707126611  0.2174840128  -3.128816897  -0.1908507982  -0.05921780867
0.7495486298  0.7071568789  0.2174658094  -3.128838018  -0.1909079734  -0.05923127395
0.749555216  0.70714386  0.2174705393  -3.128840926  -0.1908518432  -0.0592318304
0.749544766  0.7071691975  0.2175005684  -3.128803189  -0.190885829  -0.05928316877
0.7495474414  0.7071409825  0.2174900854  -3.128805821  -0.1908874848  -0.05923014068
0.7495593784  0.7071141127  0.2174872362  -3.12882393  -0.1908692236  -0.05925769365
0.7495496198  0.7071177073  0.2174624509  -3.128867518  -0.1908541568  -0.05921967353
0.7495564211  0.7071240963  0.2175078534  -3.128819421  -0.1909046326  -0.05933774196
0.7495134779  0.7071354417  0.2174698948  -3.1288632  -0.1909301728  -0.0591932212
0.7495056989  0.7071462715  0.2174156675  -3.128863722  -0.1909299726  -0.05916595019
0.7495236331  0.7071085707  0.2174516885  -3.128873243  -0.1909114569  -0.05920719522
0.7495017249  0.7071210911  0.2174096839  -3.128908261  -0.190915465  -0.05912833752
0.7494898334  0.7071148359  0.2173907665  -3.128894322  -0.1908976982  -0.05904820954
0.7495012467  0.7070988859  0.2174103513  -3.128927222  -0.1908793125  -0.05912991477
0.7495323705  0.7070974316  0.2174285786  -3.128900182  -0.190763985  -0.0591275705
0.7495098052  0.707109562  0.2174052291  -3.128909058  -0.1908958984  -0.0591549802
0.7494863492  0.7071203442  0.2174021297  -3.128935041  -0.190899623  -0.05908968883
0.7495162219  0.7071428697  0.2174674272  -3.128840707  -0.1908919691  -0.05915222237
0.749527558  0.7071546448  0.2174944642  -3.128804057  -0.1909063329  -0.05923005467
0.7495475353  0.7071735251  0.2175088441  -3.128813478  -0.1908689314  -0.05924375999
0.7495502575  0.7071901227  0.2175134384  -3.128785465  -0.1908643477  -0.05933507191
0.7495545918  0.7071990597  0.2175743631  -3.128748876  -0.1908996794  -0.0593607097
0.7495549367  0.7071973336  0.2175716372  -3.12873991  -0.1908979219  -0.05939963979
0.749554148  0.707195322  0.2175406598  -3.128764516  -0.1909182738  -0.05938740623
0.7495589052  0.7071915166  0.2175457414  -3.128743781  -0.1908818707  -0.05929366185
0.749557739  0.707200553  0.2175227403  -3.128774778  -0.1909008892  -0.05934788911
0.7495503167  0.7071971282  0.217554862  -3.128731525  -0.1909169982  -0.05935958435
0.7495291151  0.7072122938  0.2175194053  -3.128738128  -0.1909556288  -0.05931997266
0.749533449  0.7072130093  0.217565062  -3.128684114  -0.1909489537  -0.05945084442
0.749551733  0.7071831906  0.2175268661  -3.128699842  -0.1908767423  -0.05935868145
0.7495168605  0.707194227  0.2174941234  -3.128721739  -0.1909151526  -0.05937295077
0.749526268  0.7071646452  0.2174555756  -3.128751376  -0.1908605885  -0.05936038266
0.7495247133  0.7071480403  0.2174655272  -3.128690187  -0.1908736001  -0.05942502917
0.7494805778  0.7071517414  0.217402643  -3.128816992  -0.1909428775  -0.05925781093
0.7494509117  0.7071196704  0.2173889632  -3.128798039  -0.1909786832  -0.05928431866
0.7494627268  0.7071354822  0.21739247  -3.128810412  -0.1909436421  -0.05921702037
0.7495099137  0.7071095636  0.2174727806  -3.128735811  -0.1908407814  -0.05938768494
0.7494518657  0.7071013261  0.2174225431  -3.128777123  -0.1909023541  -0.05929622534
0.749474021  0.7070375106  0.2173810147  -3.128879332  -0.1908573242  -0.05912819162
0.749456368  0.7070920211  0.2174336615  -3.128788864  -0.1908864424  -0.05922999598
0.7494515522  0.7070784058  0.2174771082  -3.128788964  -0.1908468818  -0.05930965296
0.7494466155  0.7070933085  0.2174343619  -3.128794012  -0.1909038439  -0.0592970805
0.7494424239  0.7070885695  0.2174101708  -3.128828987  -0.1909073812  -0.05924557983
0.7494462189  0.7070938771  0.2174623319  -3.128734132  -0.190879519  -0.05936136443
0.749470721  0.7070668115  0.2174359549  -3.128814092  -0.1908871802  -0.05927112059
0.7494517703  0.7070885321  0.2173862706  -3.128836915  -0.1909657114  -0.05917928172
0.7494627142  0.7070952413  0.217429679  -3.128848686  -0.1908915527  -0.05919270364
0.7494673228  0.7071005232  0.2174413496  -3.128848634  -0.1908916826  -0.05919263304
0.7494626044  0.7070927835  0.2174548414  -3.128810678  -0.1909240588  -0.05929742901
0.7494730171  0.7070874095  0.217459995  -3.128833514  -0.1908526494  -0.05921854514
0.7494726196  0.7071094102  0.2175041015  -3.12881018  -0.1909449676  -0.05924539702
0.749488062  0.7071209267  0.2175164387  -3.128775682  -0.1909020044  -0.05934953569
0.7494848569  0.7071154042  0.2174759885  -3.128812845  -0.1908677886  -0.05929735652
0.7494920848  0.7071326198  0.2175383196  -3.12871503  -0.1909165025  -0.05936061248
0.7495086801  0.7070924933  0.2174843898  -3.128796361  -0.1908855589  -0.05929696178
0.7495066091  0.7071204968  0.2174663732  -3.128829566  -0.1908685367  -0.05929831671
0.7494979978  0.7071559637  0.217571158  -3.128704186  -0.19093383  -0.05939977692
0.7494863341  0.7071722447  0.2175115822  -3.128767789  -0.1908631205  -0.05933483819
0.7495441  0.7071488693  0.2175859608  -3.128711785  -0.1908019368  -0.05939935346
0.7495355783  0.7071823601  0.2176173665  -3.128611867  -0.1908687156  -0.05948836623
0.7495279381  0.7071507356  0.2175860909  -3.128679555  -0.1908926819  -0.05946524704
0.7495031635  0.7071941795  0.2176042564  -3.128727433  -0.1909541862  -0.05941306545
0.7495656027  0.7071431089  0.2175968629  -3.128686326  -0.19082004  -0.05938566613
