64456127.000000
64459652.000000
64500552.500000
64506575.000000
64465349.000000
64468265.500000
64471118.000000
64459848.000000
64444167.500000
64416793.500000
64341030.500000
64377310.500000
64311139.000000
64328182.000000
64325936.000000
64294301.000000
64280507.500000
64140058.500000
64063728.500000
64028046.500000
63787385.500000
63598531.500000
63683549.500000
63421021.500000
63245365.500000
63019484.000000
62735427.000000
62617913.000000
62391345.000000
62086308.000000
61989878.000000
61642093.000000
61561667.000000
61405868.500000
61453074.000000
61449012.000000
60876999.500000
60762399.000000
60839162.000000
60617410.500000
60009436.000000
59893827.000000
59896268.000000
59862912.000000
59533075.000000
59354765.000000
59249729.500000
59090774.500000
59061766.000000
58977614.500000
58762295.000000
58936372.000000
58742266.500000
58322754.000000
58288923.500000
58284679.000000
58157505.500000
58130558.000000
57580353.000000
57644448.500000
57357627.500000
56921174.000000
56796827.500000
56671224.500000
56935304.500000
56974676.500000
56519572.000000
56515134.500000
56266392.000000
56440411.500000
56375388.500000
56075934.500000
55852018.000000
55880177.500000
55336867.000000
54875930.500000
54802366.500000
54999847.500000
55129517.500000
54520350.000000
54406545.500000
53907285.000000
53914530.000000
53941593.000000
53918821.500000
53865078.500000
53497293.000000
53782057.500000
53665754.500000
53263095.500000
53106911.000000
53510980.000000
53620939.000000
53341872.500000
52836556.500000
52963808.500000
52898688.500000
52348331.000000
51900614.500000
51498264.000000
51506532.500000
51356963.000000
51362019.500000
50726773.000000
50239045.000000
50424070.000000
50367673.000000
50268783.000000
50430891.000000
50113607.500000
50059334.500000
50174656.500000
49893047.000000
49803535.000000
49884037.500000
49574114.500000
48965853.000000
48957910.500000
48529420.500000
48410120.500000
48438691.000000
48300647.000000
47786734.000000
47581144.500000
47413891.000000
47139210.500000
47314319.000000
46916627.000000
46741176.000000
46504410.000000
46655166.500000
46526391.000000
45649831.500000
45916183.000000
46208881.500000
45760333.500000
45311153.500000
44909691.500000
45152781.500000
45230780.000000
44487724.500000
44555002.500000
44364616.500000
44407159.000000
44445511.000000
43788972.000000
43381536.000000
43536778.500000
43339371.500000
43398525.000000
43184534.000000
43106250.500000
42808493.000000
42792966.000000
42052007.000000
42268764.500000
42071642.500000
41860562.000000
41643372.500000
41258559.500000
41076792.000000
40927101.500000
40519540.000000
40152042.500000
39940456.000000
40197527.500000
40093361.000000
39510870.000000
39307837.500000
39378541.500000
39334477.500000
39021207.500000
39198428.000000
39038823.500000
39013190.500000
38827008.000000
38280929.500000
38234069.000000
38307515.500000
38303567.500000
38111401.500000
37625832.000000
37450443.000000
37301615.500000
36846915.500000
36773063.000000
36433652.000000
36541376.000000
36464346.500000
36319806.000000
35588421.500000
35601131.000000
35622698.000000
35350376.500000
35023968.500000
35266824.000000
35497485.000000
35086887.500000
34378972.000000
34718591.500000
34668919.000000
34140443.500000
33949357.500000
34550204.500000
33749290.000000
33120616.000000
33169846.000000
33190031.000000
33135575.000000
32180108.500000
31700770.500000
30730531.500000
29596136.500000
29418938.500000
28576317.500000
26786021.000000
26539154.500000
25590837.500000
24944746.000000
24014304.500000
22867844.500000
22036114.500000
20485718.500000
19023002.000000
18073842.000000
17016160.500000
16229802.000000
15571613.500000
14380477.500000
13602722.500000
13199605.500000
11899995.500000
11127183.000000
10063144.500000
9154731.000000
7712528.500000
6978184.500000
6170579.000000
5215499.500000
4645182.000000
3930367.500000
2726872.500000
1882091.500000
1334889.000000
877849.000000
514242.000000
252037.000000
139074.500000
175711.000000
292323.000000
151203.000000
130231.500000
143996.500000
213649.500000
244345.500000
193333.500000
165536.500000
173562.000000
165242.500000
244321.500000
170629.000000
117626.500000
111106.500000
129102.000000
170233.500000
114876.500000
77583.500000
106575.000000
85540.000000
82461.000000
81252.500000
65860.500000
69306.000000
69688.500000
94005.000000
68585.500000
65573.000000
64366.000000
64296.500000
79903.000000
90620.000000
101170.000000
106863.500000
109797.500000
106656.000000
97930.000000
92639.000000
90790.500000
100709.500000
100475.000000
104637.500000
99637.000000
89485.000000
88325.500000
88098.500000
92666.500000
96212.000000
81001.000000
78522.000000
79229.000000
79462.500000
75559.000000
80748.500000
73068.000000
71635.000000
79560.000000
81884.000000
81668.500000
80918.000000
83780.000000
76205.000000
72060.000000
77812.500000
81192.000000
76867.000000
77028.500000
76281.500000
74330.000000
72792.000000
67913.000000
70054.000000
67020.500000
67047.500000
69286.000000
68307.000000
67490.500000
68186.000000
67334.000000
78149.000000
75891.000000
70161.500000
77445.500000
96378.000000
74127.000000
81542.000000
88307.500000
78344.000000
74027.500000
79625.500000
94147.000000
76859.500000
84521.000000
83725.500000
76470.000000
72713.000000
75789.000000
72133.500000
69652.500000
69935.000000
68164.500000
66445.000000
67475.500000
66415.500000
71480.500000
74852.000000
70798.500000
70219.500000
77947.500000
82967.000000
76966.000000
79928.000000
81809.000000
78590.000000
74401.500000
79522.000000
73636.000000
74014.000000
74848.000000
77138.500000
69210.000000
65504.500000
73811.500000
65014.000000
63939.500000
65607.500000
68137.000000
64986.000000
63142.000000
65423.000000
63540.000000
63109.000000
64052.500000
64133.000000
108729.000000
174326.500000
143093.000000
100734.000000
119758.000000
123752.500000
92895.000000
93475.000000
131359.500000
110537.500000
80126.000000
84913.000000
66405.500000
184458.500000
71132.000000
72891.500000
151620.500000
224194.500000
115790.000000
144640.500000
222260.500000
144819.500000
88497.000000
138862.500000
203349.000000
102417.500000
116853.500000
181443.000000
125464.000000
74271.500000
156287.000000
77643.500000
102931.500000
86421.000000
68904.500000
83784.000000
73953.500000
68587.000000
74077.000000
68745.500000
87128.000000
74287.500000
67998.000000
80197.000000
112672.500000
68341.500000
88182.500000
100203.500000
88753.000000
74334.500000
118687.500000
91427.000000
83472.500000
99932.500000
117286.000000
94979.000000
82858.500000
96242.500000
81410.000000
70553.000000
72080.500000
70170.500000
145900.500000
185049.500000
134096.500000
208349.000000
407972.500000
220813.000000
184121.000000
295402.500000
328814.000000
67465.000000
104327.000000
101505.000000
123200.500000
291516.000000
418496.500000
190859.000000
206427.000000
397362.500000
347158.500000
192966.500000
278411.500000
592463.000000
179939.500000
139476.500000
360895.500000
167523.500000
83922.000000
104170.000000
84394.000000
108643.000000
164626.000000
195988.000000
142709.500000
312464.500000
287761.000000
107765.000000
100764.500000
282804.000000
145224.000000
81933.500000
92233.000000
163435.000000
90239.500000
68658.000000
78309.000000
76181.000000
80981.500000
88727.500000
109623.000000
64194.000000
455690.000000
465909.000000
243020.000000
264709.500000
