29.6313
26.8074
22.9324
23.0759
23.438
23.0764
23.9893
22.5925
19.6238
19.0037
19.9968
18.9683
19.1697
18.9341
18.0469
18.7805
19.502
18.158
18.9277
18.417
18.2168
20.5996
20.4126
20.8169
19.783
17.7507
19.3259
19.3547
17.7556
18.7036
18.6985
18.6052
19.48
19.2048
19.3792
20.9478
22.144
19.6067
19.9177
19.8774
19.4353
19.2424
19.6223
19.1133
18.4636
19.4758
18.9465
18.7964
19.8962
19.1863
19.1147
19.5789
19.0232
19.2834
19.9612
19.4465
19.9536
19.6658
18.7668
21.323
19.9255
20.1907
19.9402
18.7043
20.1958
20.6321
19.6694
21.4167
19.3438
18.8145
20.1946
19.7712
19.2522
19.72
18.4043
19.311
21.0957
18.8447
18.9521
19.2446
18.4915
19.5776
18.8228
19.2051
18.9846
18.269
18.8567
18.6794
18.7683
19.5825
18.9934
18.9355
19.801
19.0291
19.8743
19.2795
20.0549
19.2385
18.6116
19.8086
19.5337
18.9009
22.0635
19.666
20.4475
19.9102
19.4705
19.9038
20.3223
20.1482
19.1396
19.6836
21.2334
23.4268
23.9878
20.6936
19.3582
19.6792
20.4143
19.5896
19.9529
19.2283
21.1367
19.2744
19.2314
19.3662
18.5093
18.6975
21.7236
19.7703
18.7905
19.5884
18.4463
18.3076
18.7876
18.4102
18.7119
18.8301
19.4292
19.9836
18.0613
19.0256
19.2104
19.197
19.6292
18.2366
19.199
18.4683
18.0959
19.543
18.1528
19.0603
19.0642
18.7839
19.4412
18.2722
18.9624
19.2361
18.436
18.8889
19.2502
18.802
19.7063
18.3442
19.1648
18.7144
18.3132
18.8506
18.304
19.4705
19.3352
18.5251
18.6289
18.5698
18.0232
18.5952
20.1362
18.1736
18.7329
18.916
18.7681
18.5549
19.5281
20.0715
18.9846
19.5139
19.5906
18.6816
19.1975
17.9116
19.24
18.6353
17.843
18.7229
18.4197
19.085
19.4297
18.583
18.4678
19.1636
19.0684
21.8579
19.5688
19.6877
20.9373
20.3896
19.3711
19.896
19.5745
19.1509
18.9053
18.407
19.6299
18.9939
18.6814
19.5669
18.9182
18.8755
19.4238
18.9402
19.4475
19.0461
19.4136
19.8364
19.2349
19.4492
19.4641
18.9612
20.3667
20.6853
23.8035
22.7798
21.3545
18.4321
20.4604
19.8472
20.0305
18.8948
19.439
20.2009
19.6499
18.8015
18.9363
19.739
19.3259
19.4565
19.2349
18.5806
19.7622
19.2495
18.1016
18.939
17.8643
18.5566
18.0508
18.0728
24.1411
20.397
17.9446
18.8533
18.1257
19.063
19.1235
18.0271
19.1494
19.051
19.7852
18.8247
18.3396
19.5081
18.9478
18.0312
18.6843
18.8374
18.6567
19.5154
18.0408
19.562
18.9321
19.0269
18.8242
18.5261
18.3052
19.3687
18.8376
19.2593
18.6382
19.27
18.803
18.6294
18.801
18.7173
18.8525
19.5764
18.2642
18.4397
18.4165
18.5833
18.2742
18.6265
19.0193
18.3704
18.2764
18.3438
18.2817
18.6882
18.0515
18.3774
18.0796
18.1953
18.9045
18.0376
18.885
18.1897
19.7681
18.0396
18.5447
18.7991
18.8989
20.3945
19.4966
19.3928
19.6675
19.8574
19.3328
19.5891
20.198
19.5901
19.1121
18.9011
19.1455
19.6074
18.8357
19.4854
19.0208
18.7769
19.4788
19.3228
19.0591
19.1675
19.1794
18.8457
19.7246
18.8992
19.489
19.4763
18.6414
19.5786
18.4209
18.9382
19.249
19.0615
19.2422
20.2034
18.5034
19.7869
19.1602
19.5669
19.6797
18.4385
19.9771
19.1606
19.1165
20.1262
19.1055
19.395
18.8992
18.7866
19.8789
19.6226
19.5857
19.1104
19.0828
19.21
19.3936
19.1816
19.6665
19.6472
18.9885
19.5444
19.6326
19.6406
20.113
19.2502
19.3835
18.8423
18.7783
19.8162
19.1208
19.9436
19.0205
18.4497
19.5679
22.332
22.6028
25.3938
19.6519
19.0996
19.6592
21.0889
18.9072
20.2322
19.3179
19.1345
19.073
19.7129
18.6724
20.0142
20.2515
19.5654
20.0337
19.4558
19.6367
20.5671
18.8784
19.9189
20.1062
20.6375
20.3474
19.4258
20.3376
19.7969
20.4028
20.2676
19.5254
19.7517
19.2249
19.6526
20.2959
20.209
20.4419
18.7207
19.1965
20.4631
19.6299
19.4607
18.9485
18.7561
20.2458
19.0081
19.7002
19.5767
19.0103
19.5242
19.7473
20.6516
20.033
20.8118
19.2295
20.4163
20.0015
19.0896
19.8767
20.0366
19.1416
19.7969
18.8269
19.5647
19.4893
19.1228
19.1597
19.3054
19.6475
20.4353
19.6162
19.5588
19.9722
18.658
20.2856
19.3306
18.5337
19.9231
18.4136
20.2913
19.6011
19.3657
19.3408
20.0369
18.8381
19.9832
20.2512
21.498
19.1289
19.3677
19.6392
19.1343
18.5203
20.6135
19.1699
18.6833
19.4729
19.6389
18.8259
19.0994
18.4875
18.8413
19.6743
20.252
18.8638
